1
4
10
16
22
23
24
25
36
40
46
51
58
59
61
65
70
73
75
84
95
96
103
114
115
118
120
121
128
131
132
134
138
140
141
144
148
155
156
159
160
162
164
168
171
172
176
179
181
182
185
186
197
198
202
209
210
213
218
219
222
224
228
236
237
238
241
245
246
251
257
260
262
263
266
269
271
273
277
281
283
284
285
287
289
291
305
307
310
313
318
321
322
324
336
342
343
354
362
366
371
376
377
378
382
383
388
390
392
394
396
398
400
402
407
411
422
424
426
427
431
435
438
440
441
442
444
445
449
450
453
454
455
460
465
466
470
475
479
480
484
487
490
491
492
494
497
499
501
504
513
517
518
524
525
527
528
530
532
534
538
554
556
559
564
567
568
571
574
575
578
580
582
584
585
587
589
591
593
604
609
613
616
619
622
627
628
630
631
632
633
634
641
643
644
645
646
648
649
650
653
654
656
659
660
661
662
663
664
667
668
670
675
679
680
685
691
695
696
697
700
701
702
706
718
721
724
726
728
729
735
740
741
742
743
744
745
746
747
751
754
756
766
769
774
776
785
789
792
798
804
805
808
809
810
811
812
813
814
819
829
834
838
843
844
847
848
850
852
854
857
861
863
865
867
868
878
881
883
889
898
904
906
907
908
913
914
918
919
929
932
940
942
955
959
962
963
964
980
982
984
985
986
990
992
994
997
999
1002
1005
1006
1008
1010
1019
1021
1028
1029
1030
1031
1038
1055
1063
1068
1069
1071
1072
1079
1088
1092
1093
1106
1109
1119
1122
1130
1131
1132
1135
1136
1139
1143
1145
1147
1149
1151
1159
1165
1166
1168
1172
1176
1179
1181
1182
1185
1186
1187
1191
1194
1195
1197
1198
1199
1201
1207
1209
1233
1236
1238
1239
1242
1243
1244
1246
1249
1250
1251
1254
1258
1259
1263
1264
1267
1268
1273
1274
1283
1285
1294
1295
1297
1299
1304
1311
1313
1314
1315
1322
1323
1327
1332
1339
1345
1349
1352
1354
1356
1357
1363
1364
1366
1368
1371
1376
1377
1380
1385
1386
1392
1393
1396
1397
1400
1401
1402
1403
1410
1416
1420
1421
1422
1428
1429
1430
1433
1438
1441
1446
1449
1452
1459
1460
1463
1464
1481
1485
1490
1493
1494
1495
1497
1498
1502
1503
1504
1507
1511
1513
1515
1517
1520
1525
1526
1531
1533
1537
1538
1543
1545
1549
1555
1556
1559
1565
1569
1571
1575
1576
1579
1582
1587
1589
1591
1592
1600
1602
1611
1615
1618
1624
1625
1626
1628
1629
1633
1634
1639
1648
1649
1650
1665
1666
1671
1674
1676
1677
1680
1681
1683
1691
1694
1699
1701
1702
1704
1707
1708
1718
1720
1723
1724
1730
1735
1740
1743
1747
1748
1751
1752
1763
1765
1772
1773
1776
1786
1790
1792
1793
1795
1796
1797
1803
1804
1805
1806
1810
1811
1818
1822
1824
1829
1836
1837
1841
1848
1852
1853
1854
1857
1858
1859
1860
1868
1871
1872
1874
1878
1882
1885
1886
1887
1891
1894
1895
1896
1899
1903
1907
1910
1912
1915
1923
1941
1945
1946
1947
1948
1960
1969
1971
1973
1979
1982
1984
1985
1993
1999
2000
2012
2014
2017
2018
2025
2028
2030
2039
2040
2041
2044
2045
2047
2048
2051
2052
2054
2060
2061
2069
2073
2078
2085
2086
2087
2088
2089
2094
2096
2099
2100
2105
2125
2126
2129
2131
2133
2134
2136
2137
2138
2141
2145
2146
2148
2149
2151
2155
2157
2162
2163
2165
2166
2176
2189
2193
2198
2199
2200
2202
2205
2208
2209
2221
2222
2224
2226
2228
2230
2231
2233
2247
2248
2261
2262
2270
2273
2274
2276
2280
2283
2285
2291
2292
2293
2297
2298
2300
2303
2304
2306
2307
2308
2313
2321
2323
2332
2335
2336
2337
2339
2340
2343
2344
2348
2354
2355
2361
2363
2365
2369
2370
2371
2372
2383
2385
2386
2387
2388
2389
2390
2391
2392
2394
2396
2400
2401
2405
2407
2408
2409
2413
2419
2421
2427
2428
2431
2432
2440
2441
2442
2459
2460
2464
2472
2473
2478
2480
2484
2488
2493
2495
2496
2497
2498
2499
2500
2502
2505
2512
2515
2524
2525
2528
2531
2535
2542
2547
2549
2550
2555
2556
2559
2561
2566
2567
2570
2571
2574
2575
2577
2579
2584
2588
2590
2594
2602
2614
2615
2617
2618
2621
2627
2639
2643
2654
2655
2660
2669
2674
2675
2684
2688
2691
2696
2715
2723
2733
2739
2740
2745
2751
2753
2754
2764
2766
2767
2770
2771
2777
2778
2783
2785
2789
2792
2793
2794
2796
2807
2812
2815
2816
2819
2820
2822
2824
2831
2832
2833
2834
2836
2845
2854
2860
2863
2867
2870
2875
2879
2881
2882
2883
2886
2888
2891
2904
2917
2920
2921
2923
2924
2926
2935
2939
2940
2944
2945
2946
2948
2949
2954
2955
2957
2958
2964
2965
2970
2972
2979
2985
2986
2987
2993
2999
3003
3007
3008
3009
3010
3011
3016
3018
3024
3030
3033
3036
3038
3041
3042
3046
3051
3053
3056
3057
3058
3063
3065
3066
3067
3071
3075
3089
3091
3101
3106
3109
3110
3114
3116
3119
3127
3130
3132
3136
3137
3138
3141
3144
3146
3149
3150
3158
3164
3169
3172
3174
3175
3185
3192
3199
3205
3207
3211
3212
3217
3227
3238
3247
3257
3260
3262
3264
3267
3274
3285
3289
3291
3292
3300
3301
3302
3305
3306
3310
3313
3315
3318
3321
3323
3326
3330
3339
3340
3344
3346
3348
3350
3352
3353
3354
3355
3356
3358
3362
3365
3375
3378
3379
3383
3386
3387
3389
3394
3395
3397
3399
3403
3406
3410
3411
3416
3418
3419
3423
3429
3430
3431
3432
3435
3437
3441
3442
3443
3446
3448
3449
3452
3454
3455
3457
3459
3462
3471
3479
3481
3483
3485
3487
3488
3494
3498
3500
3501
3502
3505
3508
3511
3518
3521
3525
3526
3528
3532
3533
3535
3539
3545
3546
3548
3549
3553
3563
3565
3566
3567
3571
3572
3576
3582
3584
3587
3588
3590
3593
3599
3601
3609
3610
3613
3617
3629
3630
3633
3636
3637
3642
3644
3647
3649
3650
3653
3655
3656
3657
3658
3661
3662
3665
3670
3672
3676
3680
3681
3683
3689
3694
3699
3702
3706
3707
3709
3712
3715
3719
3721
3722
3725
3729
3733
3735
3739
3742
3752
3753
3754
3755
3758
3760
3771
3779
3781
3784
3790
3791
3792
3795
3796
3799
3801
3802
3805
3806
3808
3818
3820
3825
3828
3829
3831
3833
3834
3835
3836
3840
3845
3851
3859
3862
3864
3866
3868
3870
3872
3873
3875
3878
3880
3881
3887
3893
3896
3897
3902
3911
3913
3914
3915
3918
3925
3927
3929
3932
3938
3940
3944
3947
3953
3957
3958
3964
3967
3976
3977
3980
3981
3987
3988
3990
3994
4000
4001
4008
4009
4011
4013
4015
4016
4025
4028
4029
4031
4034
4036
4037
4039
4050
4053
4062
4065
4066
4080
4093
4095
4096
4098
4102
4108
4109
4115
4119
4120
4127
4128
4130
4132
4136
4138
4139
4144
4147
4148
4149
4152
4158
4160
4161
4163
4164
4165
4166
4167
4170
4174
4175
4176
4180
4181
4182
4183
4184
4186
4188
4189
4196
4199
4202
4204
4206
4209
4212
4225
4227
4229
4233
4241
4243
4254
4256
4258
4259
4261
4271
4275
4278
4279
4281
4282
4284
4291
4292
4295
4301
4304
4306
4310
4312
4316
4322
4324
4325
4326
4327
4329
4338
4340
4345
4346
4357
4361
4368
4373
4374
4376
4377
4378
4379
4381
4385
4402
4407
4408
4411
4412
4414
4418
4420
4422
4423
4429
4431
4433
4435
4436
4437
4444
4445
4449
4452
4453
4456
4463
4467
4479
4483
4490
4500
4502
4506
4507
4508
4511
4513
4515
4518
4521
4522
4523
4524
4526
4529
4530
4533
4536
4543
4548
4551
4554
4560
4561
4562
4563
4574
4575
4577
4583
4589
4609
4615
4621
4622
4623
4629
4643
4645
4647
4655
4658
4660
4662
4665
4667
4669
4672
4673
4676
4678
4679
4681
4691
4692
4700
4702
4703
4706
4708
4717
4720
4721
4722
4724
4729
4730
4733
4735
4742
4744
4746
4747
4748
4750
4753
4758
4759
4766
4770
4772
4773
4775
4779
4780
4786
4788
4789
4790
4792
4793
4794
4798
4802
4806
4807
4809
4816
4820
4825
4827
4831
4836
4841
4857
4859
4861
4864
4868
4872
4873
4874
4875
4876
4878
4879
4881
4886
4896
4897
4901
4907
4918
4920
4923
4926
4927
4929
4931
4936
4937
4938
4939
4942
4947
4956
4961
4968
4969
4970
4972
4977
4984
4989
4995
5004
5005
5006
5008
5014
5019
5022
5023
5025
5026
5027
5028
5034
5035
5038
5041
5048
5058
5063
5064
5068
5075
5077
5078
5079
5083
5084
5088
5093
5095
5096
5105
5109
5113
5117
5126
5127
5129
5133
5134
5140
5141
5142
5143
5144
5149
5152
5153
5157
5161
5163
5165
5168
5171
5174
5179
5180
5183
5188
5189
5192
5196
5199
5204
5205
5208
5209
5221
5222
5228
5229
5231
5236
5238
5239
5240
5241
5243
5244
5245
5248
5250
5253
5256
5259
5261
5264
5266
5268
5271
5278
5279
5288
5289
5297
5300
5302
5304
5308
5317
5320
5322
5330
5331
5341
5342
5344
5348
5349
5354
5357
5358
5361
5362
5366
5367
5369
5371
5373
5376
5377
5383
5384
5385
5387
5391
5396
5397
5398
5400
5403
5408
5412
5418
5419
5420
5421
5422
5424
5426
5427
5428
5433
5435
5437
5439
5442
5445
5446
5449
5456
5457
5458
5463
5467
5468
5472
5473
5474
5475
5486
5490
5491
5493
5499
5501
5503
5505
5507
5514
5519
5520
5529
5533
5534
5536
5541
5544
5548
5549
5554
5556
5557
5558
5560
5568
5571
5573
5574
5575
5578
5583
5584
5585
5594
5596
5601
5610
5611
5612
5616
5617
5618
5622
5627
5630
5631
5633
5636
5640
5642
5643
5646
5650
5651
5654
5656
5659
5661
5662
5671
5674
5675
5677
5682
5684
5686
5691
5692
5695
5696
5701
5703
5706
5710
5711
5717
5721
5722
5728
5730
5734
5735
5738
5744
5745
5746
5748
5759
5761
5762
5763
5767
5770
5772
5776
5777
5780
5781
5789
5793
5794
5800
5801
5805
5808
5812
5816
5817
5818
5822
5825
5826
5829
5832
5833
5837
5838
5844
5845
5846
5850
5852
5859
5867
5870
5871
5876
5877
5883
5884
5886
5888
5891
5892
5895
5897
5902
5906
5908
5909
5911
5913
5914
5918
5919
5924
5932
5934
5936
5940
5943
5945
5947
5954
5961
5965
5966
5968
5974
5989
5990
