4096
2053
4105
4108
14
4111
17
4117
2070
2072
2074
4125
3888
2082
4132
37
43
2095
2739
2103
1717
2113
4162
5131
2117
4169
83
86
87
91
94
2143
97
4196
2157
112
4212
117
2168
121
123
124
125
2174
128
5528
4459
132
136
138
4251
157
2216
2077
492
185
4282
4284
189
4286
4287
5835
201
2250
2939
4303
210
2259
2084
231
2281
4334
4341
383
4349
4216
2312
2316
3214
272
274
5601
278
280
285
4395
2354
4147
2357
2359
4831
2365
5173
321
2371
4422
329
333
5262
335
337
2386
345
4442
4445
4446
1066
2402
357
2409
2411
367
369
967
375
2424
377
4474
2427
1429
4485
4488
3480
3139
2454
408
409
411
412
2463
4512
417
2466
1094
2473
426
2060
431
432
4529
434
438
2121
2488
4540
4541
4544
2497
4547
4549
454
4551
4554
459
2510
468
2517
4857
2521
474
476
1788
2539
4588
1106
4591
2544
499
2548
2549
4600
2558
515
2565
2566
4616
522
2571
2579
4526
538
4635
540
4587
544
2596
549
2602
555
2608
2613
566
4670
4676
582
5900
586
2635
4684
4685
2640
440
597
4703
4706
615
4720
626
4724
2680
3178
4737
4742
650
2705
2707
2710
665
2717
4768
673
674
675
4774
679
4776
2732
2734
687
4786
4787
4788
703
2752
2753
712
2761
4810
501
4814
2767
721
2783
739
4836
749
751
2801
4850
126
759
4856
2516
2814
469
4870
4877
783
4886
2839
2843
2849
2856
2858
813
4914
2871
2882
839
2889
848
2901
4950
4951
574
4962
875
2925
4974
889
891
898
899
2951
2953
906
908
5007
5010
5015
2968
2971
5020
1861
2977
2985
2992
946
2998
5048
3001
3005
4597
3009
1185
5068
3027
5076
988
3042
3043
1001
3051
3056
5106
5114
1023
3074
5123
3083
866
3097
1052
5153
3553
1063
3114
1070
3125
3127
1080
3130
1086
3136
5187
1206
3142
5193
5197
3151
5202
3161
1118
1120
3447
5990
1130
2237
3187
5240
2239
1150
5250
5251
1156
1157
3211
1166
1167
2243
3232
3233
5289
5293
5294
3249
1203
3252
5302
3256
3257
3259
1212
3264
4640
1218
3268
3445
1231
1236
5335
1240
3290
3291
1245
4987
1258
1261
3318
5372
3327
3329
5380
3333
5382
1288
5386
1298
3347
1302
1310
1311
1314
5412
5415
5419
3378
5427
1336
1337
1340
1343
1347
3980
3402
1355
3413
1377
3427
3431
3435
5493
4329
592
5497
3450
1403
3457
5512
920
3476
238
1432
3485
1441
3498
3500
5552
1458
5555
3512
3254
5570
1476
3525
588
1485
589
4003
5592
5595
3548
1505
1511
1512
3563
5613
5617
3571
937
3584
5643
5658
3611
5660
3614
1568
5669
3622
1587
3640
1601
1606
1610
1611
1620
5049
5720
1661
1635
3687
5735
1645
5742
5743
1652
5749
3192
959
1660
5757
3713
5763
1670
3720
5770
1680
1684
5785
1690
1694
3015
1709
5806
1712
1715
3358
1721
5818
3771
5828
1733
3787
3793
3794
5753
5855
3812
1765
1766
1770
2923
3820
1775
1779
3836
5885
3843
1797
5895
1801
1804
1805
1806
1809
1812
3862
3863
5912
3873
1826
1827
1829
1831
5936
3891
1844
3895
1852
5949
3906
3909
3912
1865
5964
994
1879
5980
5981
3937
1890
5987
3942
657
5999
1905
5780
3966
3978
1932
1939
3989
1948
3999
1952
1955
1959
1966
1967
1969
1970
5790
4024
4034
4039
1992
1993
4043
4047
4053
4056
2010
2012
2020
4071
4076
2031
4083
4090
2045
