4097
2051
4
2054
2055
600
2058
11
12
5122
4110
2063
16
2066
4115
4117
4118
23
2052
4123
2183
346
2115
2083
5157
1372
615
4142
4143
4145
2098
2739
4151
4153
3423
2108
2111
4161
66
67
4166
3425
4168
2122
75
76
4173
4176
1720
2403
84
14
5817
4184
4185
15
4191
4194
2147
4196
103
2152
4205
3773
113
19
4212
118
2868
2168
2170
123
2172
2173
4222
3093
4225
131
132
133
2182
1729
4460
4234
1730
4238
5485
145
4242
4546
4245
4250
157
4254
161
2210
4260
2213
2214
4264
4124
2218
171
173
4270
4125
4272
177
4276
182
2234
4283
1370
714
3757
2242
5494
2247
4371
5394
2254
2255
208
2530
210
4308
2263
2264
217
1743
2268
2270
2271
4320
3451
2277
4326
2279
232
3302
4330
4332
4333
238
5501
2288
1529
2290
1781
244
245
246
247
262
4345
3408
251
2300
2302
4355
2308
2309
4358
4481
2314
4482
4366
2319
3800
4257
387
278
4375
4376
4377
2095
2332
286
389
2341
2342
295
4393
2346
2347
2350
5853
504
2353
306
5171
2356
2357
4406
2359
4409
4410
2363
4412
4413
4415
302
2369
395
2372
4422
328
3216
4427
4428
5858
2383
339
2388
342
4440
2394
347
4444
4446
2401
2402
1083
4452
2405
358
4456
2410
2412
4463
4465
2418
2420
4469
4470
375
2426
2431
2432
385
386
2435
4485
390
394
4491
396
2445
4494
399
2448
408
403
2454
2455
4504
409
4508
4511
2464
4517
5546
424
4522
2475
4524
429
2478
72
434
3808
726
439
4536
4538
443
444
2494
3829
448
2617
4549
4550
456
3148
2507
4558
463
2516
2518
471
473
4571
476
478
3221
3152
482
2531
485
81
4584
3836
490
1367
493
765
2544
4520
498
4595
2814
2267
3497
2552
4601
2554
4604
509
2559
4608
514
3499
4614
4615
2476
522
525
5549
4624
531
532
2582
2137
772
538
2541
4636
4643
2598
1457
4648
3769
4650
555
2604
5554
2609
4658
2612
2613
566
569
4666
571
574
2623
2626
4675
2628
582
584
586
588
591
595
4694
4696
4697
4698
604
2653
2654
4180
2660
613
4710
3857
617
619
2668
2669
2674
2675
628
4725
630
4729
4730
2495
637
639
2690
644
1658
4742
2695
650
2700
2701
654
2157
4754
4756
661
2711
2712
665
666
667
1045
670
671
2721
674
4771
2725
2726
2727
2844
682
2732
685
2735
4177
4552
690
691
2740
694
696
697
698
4795
2752
2753
4803
708
3706
2758
5526
715
719
721
4818
724
4822
1828
2779
4218
2782
4832
4833
738
4836
4220
2794
2855
5586
751
2805
4854
759
3296
4859
946
4458
4862
2815
768
230
770
2820
2821
2823
2824
1867
780
4877
4878
4880
4884
4885
1497
4889
4892
5849
231
2848
1595
475
805
2854
807
3548
2858
811
4908
814
2863
816
2774
820
5257
4916
4922
4923
2877
2878
4929
4932
4933
1505
840
2889
4919
5279
4941
2896
849
2903
2904
3879
4954
2191
4958
5264
827
868
869
2447
4968
4969
2924
2925
4974
829
880
2930
4979
2932
3561
575
5951
2940
4989
4991
897
2949
2950
4999
904
5004
5005
911
2960
3440
2962
5486
2966
2968
2969
2970
924
154
932
2983
1863
5036
2990
2991
645
3912
5042
3571
2996
2997
2282
3002
955
3004
5053
3006
1525
960
5058
3915
3012
3013
3015
5064
969
970
5067
972
3023
3025
3460
980
3029
3031
3034
1871
988
990
4671
995
4945
5096
3050
1003
5100
5970
1007
4221
1009
5106
3241
1017
3066
4607
3068
1021
2328
3072
3074
5291
5125
1031
5128
1033
1034
5134
2221
4952
3090
3092
2222
4953
3099
1052
2224
1058
2422
308
1064
5161
3114
1067
1068
1202
3119
5169
1075
862
3126
5175
5940
5179
4618
5183
5184
3138
5981
5190
5191
1096
1562
3149
3150
5200
5201
3154
5203
3156
2151
1116
5215
5216
1124
4099
1127
3176
3178
3179
3180
3181
1135
5232
5233
1140
3191
5240
1145
3196
1149
3198
1085
3205
3209
1559
3213
5262
1168
3608
3218
3220
1173
5271
5272
3225
1178
1179
3228
1181
3230
197
994
1186
5283
3381
1190
1608
5289
3243
5297
3250
3253
5302
884
1211
3260
202
1214
3263
5312
5496
3266
3267
3268
2361
5665
3272
3273
3274
887
5325
1229
450
2595
3284
4302
1240
5342
5343
1248
1252
4359
1254
1255
1258
4647
1260
1261
5358
893
5360
1265
3318
1304
1236
5371
5373
5374
5375
1281
5378
5383
1291
5389
1294
557
5336
3346
3348
5567
5400
3391
5499
1310
5090
1315
5414
5704
1322
5420
3373
3376
1331
1333
1334
1335
1339
1341
5685
3393
1347
4662
5447
1355
5456
1401
5462
5689
3417
3418
3419
3420
2618
5471
5472
1377
1378
4667
5476
3429
5479
5301
3436
1389
1390
5488
3441
3442
3443
3446
3448
3449
5498
1403
5500
3453
5502
1408
1412
5509
3462
5512
47
5518
5519
5522
5523
3476
3477
1430
5017
1433
2287
3485
5535
3488
1444
5541
5542
1447
1448
1449
1450
5547
5548
3501
5551
5553
3506
1460
1464
5562
3515
1468
5565
4341
1472
1474
2163
1270
5577
3530
1485
1486
1487
1488
1272
3538
3540
5593
3547
1500
5597
3552
2164
1506
1414
5607
5609
1514
1515
1517
1519
1278
5618
5619
3572
3573
3575
5624
3577
5632
3585
3586
3588
5638
5640
5641
4871
3595
5644
5646
3600
5649
3602
1555
3606
5655
1560
3609
3610
1563
1115
2650
3614
1567
4016
3621
3626
3627
2994
5680
3635
1588
1589
5686
3639
3640
3641
5727
5693
3647
1606
1607
3656
5708
3661
4365
3665
3668
5720
3674
5725
4555
2661
5729
1637
3345
3688
3691
1645
1646
957
5744
3698
3699
3601
3660
5752
5754
1659
1660
1661
1662
5759
3712
5763
4374
5768
620
3722
2988
3724
5773
5777
3730
3732
3733
3734
3695
5788
3125
965
4021
3746
5795
1566
3749
5063
626
125
5808
1992
3762
4382
1718
5816
2676
1722
287
1725
3777
5826
3782
535
876
1558
354
5837
5839
5658
5842
5848
1753
3805
293
1760
5857
1762
4731
3812
294
5073
5866
1130
5868
5871
5872
1777
5874
1779
1780
5877
3711
1788
1789
5887
1793
1794
3844
5893
5898
1803
642
3197
3856
5905
5907
5908
5909
5910
1815
3865
3866
1820
4394
5918
5765
1824
3873
5923
3876
646
1830
4401
5929
1839
3888
1842
5939
3471
1845
5942
5944
3897
3898
3899
1852
5949
1855
3904
3906
3907
5956
3909
3911
1864
5963
3917
1677
3922
5971
2702
313
1880
1881
3313
1884
3933
5982
5983
1888
2586
3939
1892
1893
1894
3948
1901
3950
1000
3954
1915
2321
1919
3969
1922
3971
1924
1925
3976
1930
3979
1936
2836
1939
1942
1943
4350
5103
4003
1956
326
1960
4009
1962
1964
4013
4015
1968
1969
1970
4019
1973
1975
1977
1978
1980
1981
1982
1986
2379
4037
4040
1996
2209
2001
2002
4054
4056
2016
2017
2018
749
1431
2022
2973
3069
4080
4082
4083
1022
4088
2258
