-3.1727307e-02
3.2818410e-01
6.4572159e-01
5.0814895e-01
2.0182763e-01
2.9691648e-01
7.3671121e-01
3.2599482e-01
-9.4182381e-02
-1.6225520e-01
-2.7739474e-01
-6.6639336e-01
-2.0913451e-01
-7.0727137e-01
-8.6815878e-01
-1.1356330e+00
-7.3566814e-01
-8.0389707e-01
-7.6335005e-01
-5.4208304e-01
-5.6489614e-01
-1.5656486e-01
-4.5001413e-01
-6.9116941e-01
-3.1270156e-01
-3.4754917e-01
-8.6236828e-02
-4.1803484e-01
-3.2663264e-01
-4.3694648e-01
-4.8726753e-01
-1.0848935e-01
7.4151471e-02
2.4991680e-01
9.5372040e-02
4.2678102e-01
6.4775486e-01
9.1893801e-01
6.4624994e-01
1.6918087e-01
-2.8189198e-01
1.4883266e-01
4.8381173e-01
9.5900670e-01
1.1000402e+00
1.1484881e+00
1.6164501e+00
1.8148272e+00
2.1166705e+00
2.3270791e+00
2.5077177e+00
2.2614746e+00
1.9252173e+00
2.0082146e+00
2.1803900e+00
2.2179512e+00
2.2021935e+00
1.9237068e+00
2.1076400e+00
1.7519358e+00
1.4429264e+00
1.7063410e+00
1.6018711e+00
1.2554146e+00
8.3054033e-01
9.1611931e-01
7.0455865e-01
2.4467122e-01
-5.5887069e-02
-2.7145734e-01
4.6914960e-02
-1.0610190e-01
-1.6709617e-01
-3.1509534e-01
-3.2835049e-01
-3.3835150e-01
-7.3710575e-01
-3.2078924e-01
-1.2986272e-01
-6.2181070e-01
-4.5393195e-01
-1.5072199e-01
2.0962617e-02
-6.9255574e-02
-6.8656468e-02
-3.3929499e-01
2.9072939e-02
2.2947211e-01
3.6056907e-01
5.8331482e-01
8.7651508e-01
1.1907410e+00
1.6135688e+00
1.8744294e+00
1.8729062e+00
2.1456861e+00
2.4327387e+00
2.1328545e+00
2.2101378e+00
2.3916258e+00
2.1412037e+00
2.2311887e+00
2.3129600e+00
2.3854110e+00
2.4737992e+00
2.1127710e+00
1.6401970e+00
1.5041649e+00
1.4614984e+00
1.1123161e+00
8.4195753e-01
1.0631884e+00
1.3747257e+00
1.6700729e+00
1.4565756e+00
1.7962792e+00
2.1545883e+00
2.4342017e+00
2.8817443e+00
2.3981080e+00
2.0251436e+00
2.0667764e+00
2.1961963e+00
1.8727111e+00
2.1608855e+00
2.5557249e+00
2.6877192e+00
2.2678633e+00
2.6808401e+00
3.0340870e+00
3.2898754e+00
3.3819797e+00
3.5924419e+00
3.2549312e+00
3.6771849e+00
3.7376615e+00
3.9417039e+00
3.9278346e+00
4.0052967e+00
4.1357185e+00
4.1995564e+00
3.8214267e+00
3.4101381e+00
3.2107128e+00
3.3976376e+00
3.7914998e+00
3.3847112e+00
3.2823488e+00
3.0080635e+00
2.7902938e+00
2.6977341e+00
2.8449278e+00
2.9265805e+00
2.6310079e+00
2.5356666e+00
2.9984491e+00
2.5119514e+00
2.7003201e+00
2.4821748e+00
2.0885985e+00
2.5077726e+00
2.6500823e+00
2.2725865e+00
2.0650183e+00
1.9485664e+00
1.7100454e+00
1.6176785e+00
1.6993679e+00
1.4376532e+00
1.8000128e+00
1.4430577e+00
1.0885734e+00
1.1794954e+00
1.5685963e+00
1.4532772e+00
1.7138339e+00
1.4771239e+00
1.4379912e+00
1.2637040e+00
8.9636742e-01
1.0287995e+00
1.2410369e+00
1.0464893e+00
1.3086082e+00
1.5508589e+00
1.3385473e+00
1.5061549e+00
1.8404106e+00
1.5023558e+00
1.5924066e+00
1.7591648e+00
1.4026008e+00
1.5593353e+00
1.0976031e+00
1.3017599e+00
1.2646201e+00
1.0442514e+00
1.4349647e+00
9.6542717e-01
1.2106406e+00
1.6060982e+00
1.4281402e+00
1.2227677e+00
1.2378951e+00
9.4448368e-01
1.3895388e+00
1.8435850e+00
1.4375331e+00
1.9168289e+00
2.1626600e+00
1.9084683e+00
2.0793314e+00
2.5317748e+00
2.0644343e+00
2.0136885e+00
1.8608518e+00
1.7860686e+00
1.4481111e+00
1.9244935e+00
1.8128905e+00
2.2955778e+00
2.6226900e+00
2.4244136e+00
2.2965845e+00
2.0378942e+00
2.1598749e+00
1.7085625e+00
1.9564582e+00
2.0158975e+00
2.0830055e+00
2.1762180e+00
2.6458970e+00
2.6149884e+00
2.2332078e+00
2.3917037e+00
2.3186771e+00
2.0610018e+00
2.2789313e+00
1.9737341e+00
1.8116094e+00
1.8332040e+00
1.6968142e+00
1.5261087e+00
1.6232615e+00
1.3843690e+00
1.4767234e+00
1.6894101e+00
1.4635976e+00
1.2581409e+00
1.0872710e+00
1.2800084e+00
1.4468006e+00
1.9354205e+00
1.5149192e+00
1.5835700e+00
1.5509295e+00
1.9920405e+00
1.6708740e+00
1.3370721e+00
1.7913695e+00
2.2718234e+00
2.2203181e+00
2.4402516e+00
2.0795445e+00
2.3266193e+00
2.5793597e+00
2.2433858e+00
2.4352750e+00
2.8216958e+00
2.6436134e+00
2.2157498e+00
2.0408809e+00
1.6479321e+00
1.4163745e+00
1.6208808e+00
1.7089235e+00
1.6550988e+00
1.7575021e+00
2.1989908e+00
2.5345110e+00
2.6270656e+00
2.3791149e+00
2.6062521e+00
2.2906450e+00
2.1767601e+00
2.4977091e+00
2.3618448e+00
2.3598554e+00
2.6105682e+00
2.6675391e+00
2.6867408e+00
3.0487162e+00
2.9598870e+00
3.3374550e+00
3.5904057e+00
3.3396479e+00
3.4597625e+00
3.7947196e+00
3.9453818e+00
4.1519988e+00
4.0762597e+00
4.0025573e+00
3.5524252e+00
3.2056808e+00
3.5207286e+00
3.3822091e+00
3.0761894e+00
2.9743769e+00
3.0226305e+00
3.1166478e+00
3.1307537e+00
3.4242211e+00
2.9876602e+00
2.8247259e+00
3.0521467e+00
3.1450844e+00
3.1522120e+00
2.9047428e+00
2.8663425e+00
2.8255971e+00
2.4766669e+00
2.1168351e+00
2.3223562e+00
2.5460014e+00
2.6421648e+00
2.1536294e+00
1.8537261e+00
1.6663319e+00
1.5533063e+00
1.8315991e+00
1.6607296e+00
1.7052264e+00
1.8247602e+00
2.2280612e+00
2.0074708e+00
1.9069178e+00
2.2464723e+00
2.2150261e+00
2.6486080e+00
2.5939056e+00
3.0717409e+00
3.2356806e+00
3.4348282e+00
3.6098172e+00
3.5346146e+00
3.5726722e+00
3.4834734e+00
3.4888306e+00
3.3581196e+00
2.9265554e+00
2.7168157e+00
2.7492115e+00
2.2885262e+00
1.8500689e+00
1.5548543e+00
1.2847454e+00
1.1143937e+00
9.4344581e-01
1.3146030e+00
9.2274719e-01
1.2170935e+00
1.6627343e+00
1.3488050e+00
1.0951993e+00
1.4224637e+00
1.7196475e+00
2.1523459e+00
2.3955872e+00
2.0400902e+00
1.5483585e+00
1.8580802e+00
2.2029128e+00
2.2482782e+00
2.7216816e+00
2.3983145e+00
2.2408374e+00
2.6649102e+00
2.4752453e+00
2.6774537e+00
2.5395249e+00
2.5515567e+00
2.3181130e+00
2.1400502e+00
1.8421380e+00
1.6679933e+00
2.0817483e+00
1.8565563e+00
2.1400988e+00
1.9862882e+00
2.0989605e+00
1.7492620e+00
1.5721579e+00
1.9857604e+00
1.8872030e+00
2.0713420e+00
2.4350297e+00
1.9761117e+00
1.9295224e+00
1.7294516e+00
1.4455312e+00
1.2071404e+00
1.5228815e+00
1.9005954e+00
1.5142394e+00
1.8392514e+00
1.7363185e+00
1.8249498e+00
1.5918130e+00
1.5062358e+00
1.6327692e+00
1.6345047e+00
1.3441513e+00
9.8189134e-01
9.5099651e-01
8.1909271e-01
1.2193862e+00
1.5334900e+00
1.6822724e+00
1.8916209e+00
2.1426742e+00
1.7345687e+00
2.2245662e+00
2.2039207e+00
2.6350422e+00
2.6226387e+00
2.6325575e+00
2.5893367e+00
3.0294030e+00
2.6931972e+00
3.0354550e+00
3.4209097e+00
2.9542145e+00
3.0223870e+00
2.9951238e+00
3.2746165e+00
3.6813327e+00
3.9624095e+00
4.4070169e+00
4.1695929e+00
4.5289470e+00
4.6409053e+00
5.0419037e+00
5.3760249e+00
5.6154958e+00
5.7937518e+00
5.6464864e+00
5.3531516e+00
5.4830284e+00
5.1944385e+00
5.4122540e+00
5.1021709e+00
4.6171178e+00
4.3102549e+00
4.6253168e+00
4.1748925e+00
4.6245932e+00
4.2039497e+00
4.5618854e+00
4.4350122e+00
4.6932434e+00
4.6232742e+00
4.8762345e+00
4.7895287e+00
4.3522120e+00
4.4637844e+00
4.8417563e+00
4.6334587e+00
4.4206985e+00
4.0786428e+00
3.8095536e+00
3.5415419e+00
3.9401120e+00
3.8034028e+00
3.6177301e+00
3.1624038e+00
2.9021077e+00
2.9104779e+00
3.1101063e+00
2.6780707e+00
2.2921854e+00
2.3125814e+00
2.6928609e+00
2.2191197e+00
2.4942451e+00
2.1665643e+00
2.3905312e+00
2.1000491e+00
2.0188138e+00
2.0185192e+00
1.5913262e+00
1.6311786e+00
1.3079547e+00
9.7384478e-01
1.1804994e+00
9.4825505e-01
5.1786611e-01
8.8240405e-01
1.1191276e+00
9.3543770e-01
6.0458165e-01
3.4463164e-01
3.3140172e-01
7.2266059e-01
6.2439305e-01
1.4762021e-01
-1.3040246e-01
2.3231967e-01
-1.9492760e-01
-4.2517275e-01
-5.4951805e-01
-5.5791858e-01
-5.4350718e-01
-4.6630186e-01
-2.4779961e-01
-6.7147228e-01
-4.2790306e-01
1.5845587e-02
-8.9597502e-02
-1.7856276e-01
2.4070527e-01
-5.6935241e-02
-2.2693282e-01
-3.3096549e-01
-4.8818583e-01
-5.4554367e-01
-7.6984864e-01
-1.2643108e+00
-1.3319757e+00
-1.1852371e+00
-1.2555986e+00
-1.5425490e+00
-2.0165833e+00
-1.9236870e+00
-1.4244538e+00
-1.8922829e+00
-2.3901548e+00
-2.3665321e+00
-2.7075327e+00
-2.6611545e+00
-3.1257409e+00
-3.0010646e+00
-2.5396131e+00
-2.9521096e+00
-2.6691135e+00
-3.1372383e+00
-3.6349826e+00
-3.4103878e+00
-3.8156008e+00
-3.7779493e+00
-4.0166126e+00
-3.9832245e+00
-4.4391597e+00
-4.8898736e+00
-4.4514153e+00
-4.7690012e+00
-4.9138988e+00
-4.8026536e+00
-4.9006602e+00
-4.7908201e+00
-5.1684029e+00
-5.6075443e+00
-5.8360810e+00
-5.5639207e+00
-5.4732295e+00
-5.2201541e+00
-4.7826661e+00
-4.7912159e+00
-4.6367612e+00
-5.0734379e+00
-5.0169648e+00
-4.5295365e+00
-4.7738566e+00
-4.7512847e+00
-5.1920350e+00
-5.5390807e+00
-5.7915952e+00
-6.0901151e+00
-6.0055494e+00
-6.3515229e+00
-6.7972147e+00
-7.0141207e+00
-6.6085207e+00
-7.0680896e+00
-6.6689237e+00
-6.8294981e+00
-7.2830619e+00
-7.7226443e+00
-8.1007077e+00
-8.4980239e+00
-8.6075539e+00
-9.0448270e+00
-9.3271053e+00
-9.6872983e+00
-9.3082613e+00
-9.4623076e+00
-9.5550259e+00
-9.7152233e+00
-1.0036017e+01
-1.0296916e+01
-1.0445543e+01
-1.0799796e+01
-1.0901732e+01
-1.0613368e+01
-1.1014333e+01
-1.0896544e+01
-1.1302317e+01
-1.1291023e+01
-1.1416700e+01
-1.1468812e+01
-1.1171173e+01
-1.0929643e+01
-1.0890975e+01
-1.0402198e+01
-1.0181754e+01
-1.0266333e+01
-1.0746866e+01
-1.0668951e+01
-1.0623755e+01
-1.0378698e+01
-1.0566319e+01
-1.0096921e+01
-1.0208937e+01
-1.0624836e+01
-1.0402797e+01
-1.0513153e+01
-1.0904202e+01
-1.1232095e+01
-1.1260907e+01
-1.0958550e+01
-1.1310449e+01
-1.0953159e+01
-1.1407721e+01
-1.1006861e+01
-1.1016334e+01
-1.1196650e+01
-1.1088011e+01
-1.1275720e+01
-1.0786784e+01
-1.0773139e+01
-1.0298865e+01
-1.0295030e+01
-9.8897428e+00
-1.0300381e+01
-1.0715119e+01
-1.0553603e+01
-1.0785987e+01
-1.0675778e+01
-1.0409686e+01
-1.0529004e+01
-1.0503949e+01
-1.0491782e+01
-1.0068155e+01
-1.0218902e+01
-9.7775714e+00
-9.6169136e+00
-9.7257680e+00
-9.3935258e+00
-9.3665434e+00
-9.4208047e+00
-9.0473475e+00
-9.3522025e+00
-9.2614338e+00
-9.1669063e+00
-9.3703047e+00
-9.8122829e+00
-9.8065330e+00
-1.0152240e+01
-1.0406352e+01
-1.0266634e+01
-1.0671303e+01
-1.1046190e+01
-1.1116981e+01
-1.0903947e+01
-1.1361287e+01
-1.1565725e+01
-1.2025856e+01
-1.2466417e+01
-1.2037913e+01
-1.1648268e+01
-1.2042883e+01
-1.1613177e+01
-1.1194150e+01
-1.1402169e+01
-1.1427083e+01
-1.1714393e+01
-1.1859131e+01
-1.2216798e+01
-1.2014526e+01
-1.2105890e+01
-1.1646515e+01
-1.1595806e+01
-1.1362213e+01
-1.1125549e+01
-1.1577001e+01
-1.1459183e+01
-1.1387224e+01
-1.1216923e+01
-1.1682917e+01
-1.1291928e+01
-1.1274036e+01
-1.1752815e+01
-1.2010242e+01
-1.2261827e+01
-1.2138555e+01
-1.2220365e+01
-1.1849683e+01
-1.1450504e+01
-1.1392323e+01
-1.1410007e+01
-1.1167722e+01
-1.1377127e+01
-1.1400542e+01
-1.1642765e+01
-1.1835859e+01
-1.1866691e+01
-1.1728269e+01
-1.1883684e+01
-1.2059112e+01
-1.2422888e+01
-1.2788607e+01
-1.2983843e+01
-1.3082384e+01
-1.3195612e+01
-1.3462050e+01
-1.3795564e+01
-1.3377477e+01
-1.3492844e+01
-1.3018419e+01
-1.3462255e+01
-1.3957659e+01
-1.3704813e+01
-1.3981188e+01
-1.3555199e+01
-1.3224702e+01
-1.3481174e+01
-1.3957090e+01
-1.4105119e+01
-1.4079568e+01
-1.4504495e+01
-1.4390463e+01
-1.3967196e+01
-1.3764620e+01
-1.3843737e+01
-1.3484395e+01
-1.3931833e+01
-1.3715203e+01
-1.3608132e+01
-1.3571170e+01
-1.3861112e+01
-1.4288161e+01
-1.4274465e+01
-1.4106113e+01
-1.4293923e+01
-1.3831470e+01
-1.4258414e+01
-1.4581200e+01
-1.4756669e+01
-1.4313456e+01
-1.4104851e+01
-1.4219162e+01
-1.4170484e+01
-1.4586345e+01
-1.4425552e+01
-1.4381750e+01
-1.4131098e+01
-1.4245280e+01
-1.4227033e+01
-1.4473497e+01
-1.4450694e+01
-1.4630319e+01
-1.4533077e+01
-1.4309154e+01
-1.3823651e+01
-1.4010797e+01
-1.4458213e+01
-1.4466786e+01
-1.4847403e+01
-1.4948770e+01
-1.4926099e+01
-1.4720989e+01
-1.4567174e+01
-1.4347554e+01
-1.3894117e+01
-1.3859206e+01
-1.4305830e+01
-1.4531795e+01
-1.4844451e+01
-1.4823157e+01
-1.4548428e+01
-1.4252958e+01
-1.4194198e+01
-1.4068812e+01
-1.3969366e+01
-1.4377432e+01
-1.4260646e+01
-1.3936558e+01
-1.4242373e+01
-1.3788709e+01
-1.4119651e+01
-1.4164054e+01
-1.3750074e+01
-1.3390711e+01
-1.3855002e+01
-1.3599973e+01
-1.3898063e+01
-1.3793293e+01
-1.4083395e+01
-1.3954516e+01
-1.3811205e+01
-1.4221451e+01
-1.4295673e+01
-1.4024759e+01
-1.4040752e+01
-1.4299036e+01
-1.4735663e+01
-1.5017243e+01
-1.5370954e+01
-1.5768898e+01
-1.6218616e+01
-1.6423300e+01
-1.6531762e+01
-1.6301525e+01
-1.6272538e+01
-1.6562548e+01
-1.6880877e+01
-1.7024474e+01
-1.6932526e+01
-1.6511563e+01
-1.6891796e+01
-1.7027872e+01
-1.6905946e+01
-1.6770533e+01
-1.7078644e+01
-1.7071945e+01
-1.7416195e+01
-1.7633328e+01
-1.8039927e+01
-1.8327226e+01
-1.7910520e+01
-1.7868680e+01
-1.8109717e+01
-1.7982016e+01
-1.7574025e+01
-1.7180341e+01
-1.7058025e+01
-1.7207110e+01
-1.7517952e+01
-1.7721591e+01
-1.7826217e+01
-1.7999324e+01
-1.7814058e+01
-1.7944731e+01
-1.7649257e+01
-1.7222968e+01
-1.6880268e+01
-1.7231167e+01
-1.6783669e+01
-1.6758336e+01
-1.6597776e+01
-1.6857627e+01
-1.7034004e+01
-1.7270665e+01
-1.7544579e+01
-1.7951793e+01
-1.8173520e+01
-1.8154991e+01
-1.8333402e+01
-1.8459689e+01
-1.8363054e+01
-1.7971161e+01
-1.7724556e+01
-1.7372089e+01
-1.7622075e+01
-1.7986080e+01
-1.8199088e+01
-1.8619491e+01
-1.8796719e+01
-1.8596235e+01
-1.9008531e+01
-1.9466217e+01
-1.9856846e+01
-2.0345474e+01
-2.0596275e+01
-2.0167933e+01
-1.9952659e+01
-2.0031897e+01
-2.0411644e+01
-2.0493907e+01
-2.0354790e+01
-1.9977378e+01
-2.0327850e+01
-2.0443666e+01
-2.0562529e+01
-2.0153771e+01
-1.9711216e+01
-1.9530131e+01
-1.9760296e+01
-1.9464368e+01
-1.8984735e+01
-1.8988584e+01
-1.9418298e+01
-1.9031483e+01
-1.9134986e+01
-1.9421453e+01
-1.8943621e+01
-1.8611087e+01
-1.8552786e+01
-1.8503100e+01
-1.8152828e+01
-1.7753768e+01
-1.7993221e+01
-1.7672965e+01
-1.7842337e+01
-1.8032829e+01
-1.7767636e+01
-1.8223181e+01
-1.8634753e+01
-1.8957076e+01
-1.9158274e+01
-1.8766458e+01
-1.9120592e+01
-1.9055511e+01
-1.8642673e+01
-1.8590753e+01
-1.8161826e+01
-1.8449929e+01
-1.8285544e+01
-1.8314580e+01
-1.8397683e+01
-1.8773577e+01
-1.8402145e+01
-1.8719304e+01
-1.8762371e+01
-1.8889592e+01
-1.9186517e+01
-1.9470984e+01
-1.8993805e+01
-1.9101055e+01
-1.8630674e+01
-1.8882883e+01
-1.8818248e+01
-1.9081211e+01
-1.9179858e+01
-1.9047162e+01
-1.8984840e+01
-1.8520843e+01
-1.8852727e+01
-1.8565455e+01
-1.8326892e+01
-1.8119392e+01
-1.8576690e+01
-1.8670983e+01
-1.8942364e+01
-1.9373635e+01
-1.9171301e+01
-1.8791158e+01
-1.8787297e+01
-1.9163751e+01
-1.9195157e+01
-1.9241228e+01
-1.9019243e+01
-1.9014452e+01
-1.8556072e+01
-1.8692225e+01
-1.8530040e+01
-1.8908966e+01
-1.9141101e+01
-1.8658099e+01
-1.9001625e+01
-1.9487561e+01
-1.9354545e+01
-1.9125645e+01
-1.8639293e+01
-1.8527946e+01
-1.8345033e+01
-1.8358340e+01
-1.8275817e+01
-1.8403105e+01
-1.8539097e+01
-1.8598195e+01
-1.9010600e+01
-1.8554787e+01
-1.8726645e+01
-1.9225307e+01
-1.9243108e+01
-1.9165676e+01
-1.8973729e+01
-1.9389676e+01
-1.9727754e+01
-2.0075244e+01
-2.0457005e+01
-2.0679344e+01
-2.0502175e+01
-2.0621617e+01
-2.1049599e+01
-2.1337395e+01
-2.1328250e+01
-2.1602729e+01
-2.1993901e+01
-2.2236904e+01
-2.1841613e+01
-2.1388572e+01
-2.1578337e+01
-2.1911329e+01
-2.1461063e+01
-2.1628937e+01
-2.1481976e+01
-2.1867857e+01
-2.1527251e+01
-2.1528652e+01
-2.1936433e+01
-2.1909604e+01
-2.2294383e+01
-2.1867019e+01
-2.2172302e+01
-2.1713710e+01
-2.1468287e+01
-2.1121172e+01
-2.1013534e+01
-2.0868906e+01
-2.1141212e+01
-2.0888817e+01
-2.0644389e+01
-2.0384639e+01
-2.0138129e+01
-1.9704184e+01
-1.9753333e+01
-1.9324645e+01
-1.9565448e+01
-1.9706839e+01
-1.9792022e+01
-2.0050047e+01
-2.0160431e+01
-2.0374675e+01
-2.0310109e+01
-1.9999791e+01
-2.0359435e+01
-2.0131917e+01
-1.9865188e+01
-1.9846261e+01
-1.9705632e+01
-1.9654418e+01
-1.9696217e+01
-1.9744208e+01
-1.9874585e+01
-1.9973260e+01
-1.9584167e+01
-1.9225344e+01
-1.9614119e+01
-1.9735925e+01
-1.9531972e+01
-1.9826307e+01
-1.9332783e+01
-1.9223253e+01
-1.9611881e+01
-1.9531985e+01
-1.9061895e+01
-1.9064446e+01
-1.8691691e+01
-1.8728899e+01
-1.8399721e+01
-1.8211879e+01
-1.8218973e+01
-1.8635855e+01
-1.8450048e+01
-1.8872088e+01
-1.8513614e+01
-1.8978876e+01
-1.9195607e+01
-1.9513958e+01
-1.9531423e+01
-1.9966062e+01
-2.0140955e+01
-2.0487871e+01
-2.0665047e+01
-2.1047407e+01
-2.1386428e+01
-2.1329585e+01
-2.1612285e+01
-2.1120939e+01
-2.1122852e+01
-2.1619155e+01
-2.1787860e+01
-2.2176308e+01
-2.2388628e+01
-2.1975396e+01
-2.2332743e+01
-2.2145724e+01
-2.2573687e+01
-2.2607019e+01
-2.2699842e+01
-2.3094112e+01
-2.2599159e+01
-2.2645824e+01
-2.2774259e+01
-2.2693945e+01
-2.2425985e+01
-2.2704070e+01
-2.2334386e+01
-2.2211463e+01
-2.2550942e+01
-2.2720756e+01
-2.3031681e+01
-2.3030984e+01
-2.3123419e+01
-2.2762541e+01
-2.3250736e+01
-2.3214068e+01
-2.3514972e+01
-2.3144506e+01
-2.3038201e+01
-2.3270578e+01
-2.2981115e+01
-2.2654646e+01
-2.2929373e+01
-2.2832802e+01
-2.2378036e+01
-2.2227482e+01
-2.2607291e+01
-2.2898848e+01
-2.2414181e+01
-2.2600498e+01
-2.2562363e+01
-2.2529347e+01
-2.2362578e+01
-2.1921141e+01
-2.2226728e+01
-2.2413960e+01
-2.2044722e+01
-2.2221392e+01
-2.1957082e+01
-2.2455069e+01
-2.2431264e+01
-2.2800696e+01
-2.3286843e+01
-2.3150220e+01
-2.3571701e+01
-2.3189461e+01
-2.3651411e+01
-2.3642190e+01
-2.3245268e+01
-2.3470039e+01
-2.3376631e+01
-2.3344192e+01
-2.2865390e+01
-2.2988512e+01
-2.2570564e+01
-2.2478667e+01
-2.2289960e+01
-2.2415720e+01
-2.2474766e+01
-2.2689665e+01
-2.2888495e+01
-2.3187059e+01
-2.2696396e+01
-2.2398593e+01
-2.2790685e+01
-2.3276444e+01
-2.3514246e+01
-2.3494314e+01
-2.3361479e+01
-2.3632735e+01
-2.4013624e+01
-2.3790407e+01
-2.3821549e+01
-2.4269563e+01
-2.4357866e+01
-2.4141058e+01
-2.3853327e+01
-2.4074990e+01
-2.3687849e+01
-2.3979818e+01
-2.3769360e+01
-2.4199717e+01
-2.4617801e+01
-2.4638480e+01
-2.4192504e+01
-2.4270171e+01
-2.4156387e+01
-2.3966639e+01
-2.3653154e+01
-2.3416980e+01
-2.3857886e+01
-2.3504134e+01
-2.3155445e+01
-2.3483381e+01
-2.3065394e+01
-2.3130886e+01
-2.3322517e+01
-2.3315948e+01
-2.3345976e+01
-2.3633753e+01
-2.3321337e+01
-2.3121905e+01
-2.2701277e+01
-2.2300543e+01
-2.2263294e+01
-2.1875758e+01
-2.1797233e+01
-2.1548910e+01
-2.1926720e+01
-2.2058332e+01
-2.1670456e+01
-2.2148357e+01
-2.2625762e+01
-2.2993512e+01
-2.3326559e+01
-2.3518475e+01
-2.3466508e+01
-2.3487622e+01
-2.3722700e+01
-2.3537769e+01
-2.3908642e+01
-2.4277276e+01
-2.3925043e+01
-2.4016704e+01
-2.3745294e+01
-2.4180526e+01
-2.4470029e+01
-2.4379462e+01
-2.4796050e+01
-2.4350851e+01
-2.4026634e+01
-2.4149623e+01
-2.3736978e+01
-2.4233372e+01
-2.4015481e+01
-2.3694749e+01
-2.3645348e+01
-2.3439314e+01
-2.3557019e+01
-2.3268901e+01
-2.3664087e+01
-2.3937550e+01
-2.3819627e+01
-2.3729705e+01
-2.3555990e+01
-2.3884282e+01
-2.3756922e+01
-2.3677772e+01
-2.3575660e+01
-2.3292147e+01
-2.3661281e+01
-2.3970388e+01
-2.3916071e+01
-2.3910386e+01
-2.3825632e+01
-2.3380275e+01
-2.3060494e+01
-2.3043007e+01
-2.3208890e+01
-2.3395811e+01
-2.3733640e+01
-2.4028822e+01
-2.3553938e+01
-2.3354141e+01
-2.3768119e+01
-2.4091516e+01
-2.3697331e+01
-2.4007412e+01
-2.4100748e+01
-2.4263234e+01
-2.4476989e+01
-2.4660947e+01
-2.4314748e+01
-2.4292733e+01
-2.3893515e+01
-2.4325381e+01
-2.4733528e+01
-2.5084066e+01
-2.5243348e+01
-2.4791402e+01
-2.4455647e+01
-2.4787179e+01
-2.4438919e+01
-2.4084973e+01
-2.3604528e+01
-2.3844582e+01
-2.4211938e+01
-2.3769482e+01
-2.3646906e+01
-2.3767476e+01
-2.3571771e+01
-2.4036443e+01
-2.3611783e+01
-2.3155851e+01
-2.2800830e+01
-2.3274813e+01
-2.3011380e+01
-2.2561607e+01
-2.2472794e+01
-2.2106542e+01
-2.2344891e+01
-2.1882936e+01
-2.1800351e+01
-2.2201791e+01
-2.2700498e+01
-2.2350783e+01
-2.2518947e+01
-2.2513782e+01
-2.2920304e+01
-2.2653323e+01
-2.2840255e+01
-2.2760897e+01
-2.2564094e+01
-2.2186425e+01
-2.2647969e+01
-2.2167147e+01
-2.1903133e+01
-2.1712895e+01
-2.1241729e+01
-2.0827183e+01
-2.0872935e+01
-2.1300144e+01
-2.0993196e+01
-2.0784098e+01
-2.1022510e+01
-2.1173947e+01
-2.0737574e+01
-2.0696919e+01
-2.1113339e+01
-2.1306976e+01
-2.1083957e+01
-2.1522422e+01
-2.1248465e+01
-2.1572920e+01
-2.1372210e+01
-2.1492004e+01
-2.1803778e+01
-2.1846014e+01
-2.1503598e+01
-2.1815787e+01
-2.1747820e+01
-2.1677981e+01
-2.2035334e+01
-2.2126554e+01
-2.2105936e+01
-2.2030930e+01
-2.2459781e+01
-2.2537025e+01
-2.2138279e+01
-2.2113846e+01
-2.2347737e+01
-2.2209530e+01
-2.1897867e+01
-2.1710863e+01
-2.1460670e+01
-2.1917182e+01
-2.2301240e+01
-2.1959928e+01
-2.2203752e+01
-2.2400738e+01
-2.2187816e+01
-2.1922190e+01
-2.1671682e+01
-2.1697280e+01
-2.2173711e+01
-2.1954314e+01
-2.1808286e+01
-2.2172615e+01
-2.2231642e+01
-2.2095227e+01
-2.1847064e+01
-2.2194719e+01
-2.2350185e+01
-2.1928717e+01
-2.1587967e+01
-2.1670835e+01
-2.1618214e+01
-2.2098997e+01
-2.1933870e+01
-2.1997322e+01
-2.2088906e+01
-2.1750316e+01
-2.2021188e+01
-2.2135806e+01
-2.1787370e+01
-2.1572283e+01
-2.1282055e+01
-2.1543430e+01
-2.1122110e+01
-2.1606170e+01
-2.1434767e+01
-2.1396724e+01
-2.0904755e+01
-2.0935627e+01
-2.0861933e+01
-2.0523937e+01
-2.0941901e+01
-2.0731764e+01
-2.0388701e+01
-2.0167290e+01
-2.0071909e+01
-1.9739406e+01
-1.9840626e+01
-2.0012890e+01
-1.9852788e+01
-1.9480158e+01
-1.9241703e+01
-1.8807752e+01
-1.9252789e+01
-1.8818972e+01
-1.9123768e+01
-1.8921787e+01
-1.8641259e+01
-1.8727733e+01
-1.8964568e+01
-1.8734186e+01
-1.8299789e+01
-1.8589272e+01
-1.8482326e+01
-1.8774042e+01
-1.8789923e+01
-1.9289638e+01
-1.9609292e+01
-1.9250116e+01
-1.9179139e+01
-1.9287996e+01
-1.9559923e+01
-1.9835085e+01
-1.9405216e+01
-1.9211208e+01
-1.9408494e+01
-1.9057522e+01
-1.9003199e+01
-1.9191035e+01
-1.9468473e+01
-1.9382485e+01
-1.9479783e+01
-1.9604439e+01
-1.9874795e+01
-2.0274055e+01
-2.0390423e+01
-2.0558509e+01
-2.0982180e+01
-2.1254811e+01
-2.1601206e+01
-2.1741275e+01
-2.1343931e+01
-2.1791562e+01
-2.1472538e+01
-2.1853324e+01
-2.2218287e+01
-2.2215348e+01
-2.2080043e+01
-2.2372291e+01
-2.1913026e+01
-2.1777051e+01
-2.2029310e+01
-2.2354477e+01
-2.2582648e+01
-2.2606919e+01
-2.2716723e+01
-2.2808133e+01
-2.2414509e+01
-2.2810114e+01
-2.2346424e+01
-2.2356218e+01
-2.2451933e+01
-2.2728518e+01
-2.2389882e+01
-2.2866126e+01
-2.3280932e+01
-2.2942434e+01
-2.3177916e+01
-2.3597341e+01
-2.3731550e+01
-2.3319297e+01
-2.3065213e+01
-2.2599973e+01
-2.2468151e+01
-2.2395173e+01
-2.2045524e+01
-2.1975626e+01
-2.2416711e+01
-2.2064653e+01
-2.2519809e+01
-2.2664982e+01
-2.2496337e+01
-2.2457844e+01
-2.2117968e+01
-2.2024389e+01
-2.2487706e+01
-2.2447381e+01
-2.2514321e+01
-2.2359071e+01
-2.2103336e+01
-2.1699430e+01
-2.2068375e+01
-2.2547562e+01
-2.2802157e+01
-2.3045399e+01
-2.2986305e+01
-2.3486077e+01
-2.3148295e+01
-2.2747249e+01
-2.2783991e+01
-2.2411335e+01
-2.1944072e+01
-2.1645517e+01
-2.1539686e+01
-2.1282393e+01
-2.1003513e+01
-2.1389946e+01
-2.1200757e+01
-2.1630400e+01
-2.1637563e+01
-2.1709381e+01
-2.1997058e+01
-2.1562820e+01
-2.1937220e+01
-2.1943938e+01
-2.1479945e+01
-2.1849955e+01
-2.1360566e+01
-2.1452471e+01
-2.1394344e+01
-2.1769935e+01
-2.1578795e+01
-2.1841269e+01
-2.1663732e+01
-2.1275189e+01
-2.1654021e+01
-2.1417630e+01
-2.1000826e+01
-2.0715765e+01
-2.0333825e+01
-2.0585276e+01
-2.0944179e+01
-2.1275366e+01
-2.0926617e+01
-2.0887717e+01
-2.0420003e+01
-2.0055851e+01
-2.0007658e+01
-2.0374082e+01
-2.0659407e+01
-2.0166955e+01
-1.9762067e+01
-2.0094311e+01
-1.9879478e+01
-2.0099464e+01
-2.0201718e+01
-2.0619014e+01
-2.0807983e+01
-2.0664512e+01
-2.0933925e+01
-2.1423313e+01
-2.1628029e+01
-2.1550907e+01
-2.1864501e+01
-2.1534496e+01
-2.1704705e+01
-2.1965501e+01
-2.2375096e+01
-2.2345040e+01
-2.1928904e+01
-2.1697379e+01
-2.2162231e+01
-2.2245129e+01
-2.2277944e+01
-2.1901138e+01
-2.1768139e+01
-2.1727681e+01
-2.1677566e+01
-2.1218064e+01
-2.1424000e+01
-2.1039782e+01
-2.0737481e+01
-2.1208614e+01
-2.1579668e+01
-2.1238314e+01
-2.1090524e+01
-2.1030971e+01
-2.1303662e+01
-2.1179307e+01
-2.0789108e+01
-2.1280225e+01
-2.1553623e+01
-2.1517159e+01
-2.1470475e+01
-2.1340136e+01
-2.1166572e+01
-2.1051605e+01
-2.1035227e+01
-2.1209762e+01
-2.1151508e+01
-2.0940181e+01
-2.0627475e+01
-2.0393991e+01
-2.0814476e+01
-2.1074608e+01
-2.1152239e+01
-2.1034786e+01
-2.0914778e+01
-2.0829007e+01
-2.0394546e+01
-2.0602069e+01
-2.0538067e+01
-2.0801172e+01
-2.0603267e+01
-2.0612472e+01
-2.0169758e+01
-2.0329855e+01
-2.0032829e+01
-2.0462033e+01
-2.0557069e+01
-2.0192247e+01
-2.0138361e+01
-2.0259277e+01
-2.0300686e+01
-2.0618885e+01
-2.0444396e+01
-2.0927956e+01
-2.0675785e+01
-2.0311957e+01
-2.0475207e+01
-2.0689067e+01
-2.0754016e+01
-2.0562128e+01
-2.0702811e+01
-2.0912236e+01
-2.0595636e+01
-2.0859175e+01
-2.1112115e+01
-2.0729961e+01
-2.0972673e+01
-2.0748342e+01
-2.0680068e+01
-2.0678862e+01
-2.0285442e+01
-1.9943379e+01
-1.9600145e+01
-1.9796683e+01
-1.9405909e+01
-1.9178473e+01
-1.9627648e+01
-1.9385962e+01
-1.9017461e+01
-1.8535066e+01
-1.8644505e+01
-1.8342636e+01
-1.8782497e+01
-1.9092605e+01
-1.8767174e+01
-1.8616110e+01
-1.8430820e+01
-1.8104142e+01
-1.8476893e+01
-1.8306876e+01
-1.8573261e+01
-1.8104702e+01
-1.7888916e+01
-1.8149615e+01
-1.8161670e+01
-1.8337252e+01
-1.8444280e+01
-1.8301864e+01
-1.8466962e+01
-1.8929973e+01
-1.9381660e+01
-1.9751117e+01
-1.9359827e+01
-1.9032496e+01
-1.9522884e+01
-1.9310776e+01
-1.8891846e+01
-1.8841671e+01
-1.8876597e+01
-1.8651574e+01
-1.8746089e+01
-1.8374165e+01
-1.8391665e+01
-1.8385079e+01
-1.8022730e+01
-1.8181378e+01
-1.7896029e+01
-1.8358429e+01
-1.7939436e+01
-1.7874559e+01
-1.7626509e+01
-1.7564507e+01
-1.7666308e+01
-1.7906559e+01
-1.7693894e+01
-1.8000526e+01
-1.8077282e+01
-1.7969065e+01
-1.7696690e+01
-1.7341716e+01
-1.7067769e+01
-1.7482062e+01
-1.7842568e+01
-1.8036145e+01
-1.8041989e+01
-1.8530159e+01
-1.8269291e+01
-1.8008130e+01
-1.8345709e+01
-1.8652768e+01
-1.8667171e+01
-1.8756446e+01
-1.8612234e+01
-1.8668935e+01
-1.8756937e+01
-1.8513258e+01
-1.8878803e+01
-1.9051968e+01
-1.8757646e+01
-1.9223472e+01
-1.8794067e+01
-1.8598062e+01
-1.8241643e+01
-1.8588727e+01
-1.8256045e+01
-1.8011672e+01
-1.7707581e+01
-1.7834669e+01
-1.7730919e+01
-1.7645496e+01
-1.7648854e+01
-1.7313610e+01
-1.7631974e+01
-1.7683573e+01
-1.7428223e+01
-1.7846440e+01
-1.8107581e+01
-1.8314386e+01
-1.8398757e+01
-1.8499153e+01
-1.8075870e+01
-1.7751342e+01
-1.7517555e+01
-1.7438943e+01
-1.7207207e+01
-1.7410288e+01
-1.7484405e+01
-1.7145560e+01
-1.7031775e+01
-1.6556676e+01
-1.6235474e+01
-1.5893395e+01
-1.6097745e+01
-1.6475676e+01
-1.6064710e+01
-1.5992280e+01
-1.6426919e+01
-1.6476965e+01
-1.6137440e+01
-1.5905661e+01
-1.5715238e+01
-1.5621738e+01
-1.5122466e+01
-1.5236070e+01
-1.5419774e+01
-1.5566541e+01
-1.5590808e+01
-1.5629914e+01
-1.5861525e+01
-1.5670184e+01
-1.6145021e+01
-1.5966412e+01
-1.5497538e+01
-1.5503418e+01
-1.5343278e+01
-1.5740767e+01
-1.5838790e+01
-1.6253236e+01
-1.6211706e+01
-1.6537446e+01
-1.6219467e+01
-1.5982044e+01
-1.5811572e+01
-1.6113576e+01
-1.6104903e+01
-1.6071247e+01
-1.5778373e+01
-1.6267863e+01
-1.6112290e+01
-1.6511268e+01
-1.6720406e+01
-1.7213039e+01
-1.6803695e+01
-1.7028245e+01
-1.6552800e+01
-1.6741792e+01
-1.6609319e+01
-1.6564563e+01
-1.6560401e+01
-1.7053597e+01
-1.6817595e+01
-1.7150244e+01
-1.6895660e+01
-1.6563944e+01
-1.6982306e+01
-1.6537967e+01
-1.6566401e+01
-1.6308986e+01
-1.6223547e+01
-1.6490213e+01
-1.6276098e+01
-1.5892169e+01
-1.6192118e+01
-1.5891092e+01
-1.5900749e+01
-1.5720442e+01
-1.5443095e+01
-1.5377459e+01
-1.5649500e+01
-1.5627978e+01
-1.5534626e+01
-1.5074240e+01
-1.5048878e+01
-1.5248645e+01
-1.5436802e+01
-1.5082462e+01
-1.5391500e+01
-1.4961439e+01
-1.5100632e+01
-1.4909365e+01
-1.4618267e+01
-1.4200912e+01
-1.3839783e+01
-1.3803330e+01
-1.4087370e+01
-1.4488037e+01
-1.4223597e+01
-1.4695716e+01
-1.4485199e+01
-1.4754836e+01
-1.4343774e+01
-1.4451820e+01
-1.4330350e+01
-1.4147333e+01
-1.3945034e+01
-1.4128625e+01
-1.3878208e+01
-1.3739385e+01
-1.3853078e+01
-1.3873443e+01
-1.3552210e+01
-1.3241552e+01
-1.3449449e+01
-1.3545677e+01
-1.3225224e+01
-1.3304449e+01
-1.3779413e+01
-1.3432094e+01
-1.3775324e+01
-1.3787796e+01
-1.3509091e+01
-1.3303919e+01
-1.2876870e+01
-1.2647565e+01
-1.2996214e+01
-1.3203150e+01
-1.3270295e+01
-1.3503364e+01
-1.3813451e+01
-1.4084570e+01
-1.4562563e+01
-1.4119788e+01
-1.4529741e+01
-1.4589904e+01
-1.4909285e+01
-1.4649255e+01
-1.4173440e+01
-1.3963547e+01
-1.3768396e+01
-1.3790841e+01
-1.4116530e+01
-1.4527647e+01
-1.4689200e+01
-1.4297323e+01
-1.4548541e+01
-1.4970413e+01
-1.4606680e+01
-1.5076346e+01
-1.5346386e+01
-1.5121205e+01
-1.4822926e+01
-1.5095494e+01
-1.4744301e+01
-1.4561803e+01
-1.4857838e+01
-1.4401513e+01
-1.4114070e+01
-1.4238023e+01
-1.3792683e+01
-1.3513415e+01
-1.3259857e+01
-1.2877109e+01
-1.2818021e+01
-1.3302308e+01
-1.3471381e+01
-1.3897612e+01
-1.4207329e+01
-1.4227472e+01
-1.4607949e+01
-1.4395808e+01
-1.4216785e+01
-1.4538637e+01
-1.4936347e+01
-1.4866718e+01
-1.5151260e+01
-1.5452929e+01
-1.5462119e+01
-1.5913379e+01
-1.5839746e+01
-1.5463426e+01
-1.5949442e+01
-1.5550564e+01
-1.6035136e+01
-1.6460868e+01
-1.6675752e+01
-1.6715839e+01
-1.6790545e+01
-1.6503067e+01
-1.6525861e+01
-1.6101384e+01
-1.6083564e+01
-1.5655624e+01
-1.5966008e+01
-1.6408952e+01
-1.6009564e+01
-1.6478674e+01
-1.6816577e+01
-1.6392201e+01
-1.6662462e+01
-1.6329835e+01
-1.6315938e+01
-1.6004094e+01
-1.6014567e+01
-1.5604296e+01
-1.5492820e+01
-1.5404498e+01
-1.4956122e+01
-1.4877616e+01
-1.4841800e+01
-1.5327549e+01
-1.5061821e+01
-1.5000542e+01
-1.4545080e+01
-1.4116572e+01
-1.3873645e+01
-1.4251718e+01
-1.4733776e+01
-1.4946587e+01
-1.4531284e+01
-1.4066617e+01
-1.4399870e+01
-1.4813204e+01
-1.5090358e+01
-1.4599889e+01
-1.4222205e+01
-1.3932963e+01
-1.3524942e+01
-1.3046845e+01
-1.3444000e+01
-1.3818961e+01
-1.3637732e+01
-1.3572730e+01
-1.3449286e+01
-1.3456844e+01
-1.3175589e+01
-1.3254089e+01
-1.3504000e+01
-1.3728195e+01
-1.3934267e+01
-1.3781668e+01
-1.3289589e+01
-1.3647350e+01
-1.3797981e+01
-1.3576640e+01
-1.3324767e+01
-1.3051500e+01
-1.3354005e+01
-1.3232280e+01
-1.3546232e+01
-1.3411722e+01
-1.2959732e+01
-1.3433184e+01
-1.3447832e+01
-1.3695726e+01
-1.3833993e+01
-1.3589491e+01
-1.3201201e+01
-1.2820894e+01
-1.3000277e+01
-1.2950803e+01
-1.2873813e+01
-1.2755664e+01
-1.2729734e+01
-1.3005451e+01
-1.3417600e+01
-1.3227016e+01
-1.2870791e+01
-1.2415314e+01
-1.2543478e+01
-1.2753704e+01
-1.2381995e+01
-1.2287195e+01
-1.2690936e+01
-1.2798960e+01
-1.2637151e+01
-1.2775569e+01
-1.2415248e+01
-1.2644965e+01
-1.2758442e+01
-1.2678387e+01
-1.2229097e+01
-1.1823700e+01
-1.1396932e+01
-1.0961934e+01
-1.0888793e+01
-1.0569184e+01
-1.0356325e+01
-1.0236937e+01
-1.0236369e+01
-1.0127250e+01
-1.0555901e+01
-1.0246681e+01
-1.0013111e+01
-9.6869324e+00
-9.3366043e+00
-9.8320147e+00
-9.4336241e+00
-9.0170317e+00
-9.4288033e+00
-9.3527066e+00
-8.8623484e+00
-9.0581734e+00
-8.9653457e+00
-8.6207742e+00
-8.4330146e+00
-8.5177691e+00
-8.1396667e+00
-8.0296892e+00
-7.6551165e+00
-7.3369891e+00
-6.9778772e+00
-6.9923002e+00
-7.2041945e+00
-7.1029653e+00
-6.6780263e+00
-6.2547440e+00
-6.1379042e+00
-5.9992384e+00
-5.6749089e+00
-5.5456198e+00
-6.0177304e+00
-6.1689466e+00
-6.0527855e+00
-6.3373337e+00
-6.7784795e+00
-6.7173756e+00
-6.5677182e+00
-6.9293368e+00
-7.0646964e+00
-6.7922897e+00
-6.6731955e+00
-6.6267501e+00
-6.7883566e+00
-6.5392622e+00
-6.1809533e+00
-6.1557380e+00
-5.9314651e+00
-5.9264246e+00
-5.6562175e+00
-5.8210443e+00
-5.5335291e+00
-5.2364323e+00
-5.1167205e+00
-5.0192572e+00
-5.4719666e+00
-5.2959115e+00
-4.9431229e+00
-5.4346441e+00
-5.6558127e+00
-5.5797705e+00
-5.8045507e+00
-5.3119236e+00
-5.6304635e+00
-5.3010444e+00
-5.4233295e+00
-5.0516676e+00
-5.3648998e+00
-5.7250806e+00
-6.1761575e+00
-5.9497891e+00
-6.1107227e+00
-5.6535994e+00
-5.7119866e+00
-5.8846705e+00
-6.0379588e+00
-5.9691782e+00
-5.5934033e+00
-5.4929520e+00
-5.7922437e+00
-5.9467515e+00
-5.8164230e+00
-5.6274684e+00
-5.9439237e+00
-6.4364777e+00
-6.0589950e+00
-5.8000454e+00
-5.9560904e+00
-5.6078276e+00
-5.3058625e+00
-5.0585759e+00
-4.6616418e+00
-4.4161259e+00
-4.2609336e+00
-4.2031535e+00
-4.6545086e+00
-4.7695364e+00
-5.0921449e+00
-5.5286379e+00
-5.2032547e+00
-4.8518640e+00
-5.1737182e+00
-4.8473716e+00
-4.4924488e+00
-4.2347260e+00
-3.7833335e+00
-4.1268167e+00
-4.3135960e+00
-3.9432978e+00
-4.0657642e+00
-3.6951749e+00
-3.6663600e+00
-3.9396827e+00
-3.7119454e+00
-3.9289493e+00
-4.3582777e+00
-4.0750881e+00
-4.2891852e+00
-4.7193403e+00
-4.3727003e+00
-4.3857036e+00
-4.3737626e+00
-4.5646019e+00
-4.3435271e+00
-4.4053858e+00
-4.5782529e+00
-4.6887097e+00
-4.5048594e+00
-4.6305993e+00
-4.5632916e+00
-4.9236797e+00
-5.1764458e+00
-5.3555555e+00
-5.7068552e+00
-5.5497561e+00
-5.3604267e+00
-5.1924342e+00
-5.3439745e+00
-5.3785727e+00
-4.9158988e+00
-4.8311270e+00
-5.1131898e+00
-5.1348057e+00
-5.5594177e+00
-5.6147510e+00
-6.0958674e+00
-6.0937763e+00
-5.8309806e+00
-5.8757468e+00
-5.7900823e+00
-5.3077047e+00
-5.6792173e+00
-5.3015884e+00
-5.0948980e+00
-4.8300744e+00
-4.4788006e+00
-4.7628862e+00
-5.2382353e+00
-5.4988506e+00
-5.8083050e+00
-6.2814254e+00
-6.7690546e+00
-6.9549664e+00
-7.2945248e+00
-7.7077301e+00
-7.5596615e+00
-7.4753542e+00
-7.2992431e+00
-7.4969959e+00
-7.6679030e+00
-7.8598912e+00
-7.6107335e+00
-7.6799013e+00
-8.0306694e+00
-8.0675194e+00
-7.7454300e+00
-8.1073152e+00
-7.7261388e+00
-7.9345629e+00
-7.5148447e+00
-7.7089797e+00
-7.3007523e+00
-7.4657252e+00
-7.1111761e+00
-7.3217496e+00
-7.5628296e+00
-7.1478201e+00
-7.4203311e+00
-6.9677711e+00
-7.4332837e+00
-7.9213432e+00
-8.3437269e+00
-8.3014648e+00
-8.4075328e+00
-8.7879104e+00
-8.3680167e+00
-8.3328862e+00
-8.7786139e+00
-8.6710301e+00
-8.3751453e+00
-8.3733487e+00
-8.0842785e+00
-8.3413898e+00
-8.2571420e+00
-7.8515421e+00
-7.4608486e+00
-7.6613032e+00
-7.6059561e+00
-7.7012989e+00
-7.3535104e+00
-6.9273376e+00
-6.4964890e+00
-6.9607572e+00
-6.7280959e+00
-6.9189259e+00
-7.2743208e+00
-6.8009075e+00
-6.4827211e+00
-6.0417766e+00
-5.9166367e+00
-6.2843429e+00
-6.4467093e+00
-6.7581169e+00
-6.6055670e+00
-6.7883176e+00
-7.1461274e+00
-7.1042827e+00
-7.0915448e+00
-6.9053030e+00
-7.1611964e+00
-7.1048758e+00
-7.1208720e+00
-7.3169379e+00
-7.5674888e+00
-7.1840329e+00
-6.7587000e+00
-6.7220008e+00
-6.6331384e+00
-6.4491675e+00
-6.5755980e+00
-6.0928639e+00
-6.4523893e+00
-6.5677241e+00
-6.9211280e+00
-7.2181779e+00
-7.1445926e+00
-7.1814534e+00
-6.8222920e+00
-6.9439207e+00
-7.0973580e+00
-6.8020175e+00
-7.0452120e+00
-7.0131417e+00
-6.9273542e+00
-6.9057639e+00
-6.6797767e+00
-6.5919052e+00
-7.0215805e+00
-7.1463076e+00
-7.0525486e+00
-7.2575253e+00
-6.9650302e+00
-7.4482261e+00
-6.9603109e+00
-6.8238415e+00
-6.8514487e+00
-6.7556301e+00
-7.1180998e+00
-7.4876566e+00
-7.2916851e+00
-7.3081240e+00
-6.8764349e+00
-6.6831561e+00
-7.0527401e+00
-7.1136468e+00
-7.2140470e+00
-6.8918679e+00
-7.2995827e+00
-7.4675457e+00
-7.5435793e+00
-7.6279813e+00
-7.2208219e+00
-6.7599950e+00
-6.8915191e+00
-6.5035450e+00
-6.3317229e+00
-6.8313835e+00
-7.3207261e+00
-7.0367383e+00
-6.8200640e+00
-6.9111703e+00
-7.0954888e+00
-6.7863755e+00
-6.4336100e+00
-6.9031020e+00
-7.2826333e+00
-6.7921524e+00
-6.6495340e+00
-6.6817706e+00
-6.7691922e+00
-6.8548396e+00
-7.3522421e+00
-7.3297710e+00
-6.8872092e+00
-7.2444673e+00
-7.3834974e+00
-7.1051900e+00
-6.7378341e+00
-6.9522140e+00
-7.3356281e+00
-7.6558113e+00
-7.9991692e+00
-7.7722281e+00
-8.0694263e+00
-8.5133434e+00
-8.4483470e+00
-8.3849388e+00
-8.0823056e+00
-7.7208168e+00
-7.4640933e+00
-7.1918070e+00
-7.1195811e+00
-7.5712957e+00
-7.9858190e+00
-7.6230287e+00
-7.6378891e+00
-7.2028125e+00
-7.6543263e+00
-7.9693353e+00
-7.8078200e+00
-7.5177447e+00
-7.4271053e+00
-6.9800067e+00
-6.7091819e+00
-6.4330160e+00
-6.6024840e+00
-6.4664727e+00
-6.0146819e+00
-6.1058867e+00
-5.7881675e+00
-5.2984632e+00
-5.2668754e+00
-5.3867387e+00
-5.5454315e+00
-5.8706688e+00
-5.6983065e+00
-5.7363750e+00
-6.1699695e+00
-6.3246403e+00
-6.1579350e+00
-5.9674068e+00
-5.5464558e+00
-5.5115652e+00
-5.7163881e+00
-5.3720776e+00
-4.9597951e+00
-4.8457537e+00
-5.0720769e+00
-4.8794243e+00
-5.1343519e+00
-5.5842533e+00
-5.3694099e+00
-5.2963640e+00
-4.8086869e+00
-4.7187730e+00
-5.1977880e+00
-5.1126163e+00
-5.2115989e+00
-5.6257332e+00
-5.7581797e+00
-5.6934682e+00
-5.9683165e+00
-6.0985121e+00
-6.5382981e+00
-6.7157900e+00
-6.8849399e+00
-6.8266241e+00
-7.1574446e+00
-7.5073924e+00
-7.3047186e+00
-7.1953584e+00
-7.3568692e+00
-7.1551727e+00
-6.8555834e+00
-7.2192772e+00
-7.0035095e+00
-6.9825231e+00
-6.5018094e+00
-6.9228782e+00
-7.1339857e+00
-7.4306160e+00
-7.4612185e+00
-7.2801361e+00
-6.8876572e+00
-7.0590736e+00
-7.3388712e+00
-7.6231088e+00
-7.9606086e+00
-8.4101111e+00
-8.7841307e+00
-8.9562969e+00
-9.3614021e+00
-9.5401951e+00
-9.7414124e+00
-9.2565939e+00
-9.5534168e+00
-9.8135305e+00
-9.4113616e+00
-9.7773909e+00
-9.4183615e+00
-9.8480678e+00
-9.4854160e+00
-9.5506473e+00
-9.2971721e+00
-8.9353763e+00
-8.6968389e+00
-8.4728730e+00
-7.9816749e+00
-7.7777690e+00
-7.4513771e+00
-7.5454734e+00
-7.5482809e+00
-7.1434574e+00
-7.3272834e+00
-7.2759072e+00
-7.3443883e+00
-7.6779105e+00
-7.9527265e+00
-7.6274617e+00
-7.1621767e+00
-6.6684287e+00
-6.7341127e+00
-6.9948204e+00
-7.2536804e+00
-6.8644786e+00
-6.8728205e+00
-6.6456695e+00
-6.6659504e+00
-6.8997210e+00
-6.5534837e+00
-6.8603180e+00
-6.4076271e+00
-6.8838640e+00
-6.9490929e+00
-6.4505060e+00
-6.0936264e+00
-5.8206439e+00
-6.0860148e+00
-6.2218001e+00
-6.3091433e+00
-6.5384735e+00
-6.1567924e+00
-6.0890856e+00
-6.4553596e+00
-6.7554667e+00
-7.2435804e+00
-7.1172274e+00
-7.0558011e+00
-6.5933507e+00
-6.5021144e+00
-6.7060734e+00
-6.5535375e+00
-6.0904430e+00
-6.3359939e+00
-5.9785657e+00
-5.8647918e+00
-5.7644605e+00
-6.1603520e+00
-5.8286742e+00
-5.5660958e+00
-6.0354968e+00
-6.2387453e+00
-6.3828408e+00
-6.8679593e+00
-6.7987336e+00
-6.5464752e+00
-6.9649187e+00
-6.4931635e+00
-6.8760330e+00
-7.2551377e+00
-7.1682301e+00
-7.2992693e+00
-6.9619599e+00
-6.9304361e+00
-7.4030043e+00
-7.6603854e+00
-7.7226027e+00
-7.3893534e+00
-7.1098768e+00
-6.6943151e+00
-6.9680795e+00
-6.8688500e+00
-7.0160629e+00
-7.3623006e+00
-7.5131277e+00
-7.5204092e+00
-7.6080163e+00
-7.7761628e+00
-7.8334764e+00
-7.5738935e+00
-7.4591266e+00
-7.8215947e+00
-7.7727724e+00
-8.2356956e+00
-8.4214782e+00
-8.1037416e+00
-7.8072052e+00
-7.3400218e+00
-6.9248300e+00
-7.4002935e+00
-7.7626812e+00
-8.2587918e+00
-7.8186609e+00
-7.9849812e+00
-7.6653080e+00
-8.0528288e+00
-7.7193877e+00
-7.2349677e+00
-6.9591632e+00
-6.6446841e+00
-6.8749933e+00
-6.5507261e+00
-6.9136064e+00
-7.1204516e+00
-6.9045771e+00
-7.2120980e+00
-7.0667747e+00
-6.7686152e+00
-6.3044197e+00
-6.7392976e+00
-6.5870155e+00
-6.6743709e+00
-6.3244492e+00
-5.8384149e+00
-5.6836306e+00
-5.7797959e+00
-5.8785281e+00
-5.8052102e+00
-5.9546395e+00
-5.5541064e+00
-6.0217855e+00
-6.2284618e+00
-5.9159196e+00
-6.1051361e+00
-6.4502742e+00
-6.7781879e+00
-6.3003982e+00
-6.4760150e+00
-6.4720711e+00
-6.7787114e+00
-6.9427214e+00
-7.1018633e+00
-6.6468479e+00
-7.0323099e+00
-6.7055998e+00
-6.3690672e+00
-5.9974345e+00
-6.0864624e+00
-6.4058862e+00
-6.7425962e+00
-7.0650304e+00
-7.4131167e+00
-7.7077082e+00
-7.9851098e+00
-8.1512270e+00
-8.0658652e+00
-8.3135537e+00
-8.1518949e+00
-8.5910427e+00
-8.9454909e+00
-8.7981681e+00
-9.2439928e+00
-8.8228333e+00
-9.1394988e+00
-9.0174413e+00
-8.8500694e+00
-9.1131872e+00
-9.2075721e+00
-9.4938658e+00
-9.5225979e+00
-9.2693701e+00
-9.0362899e+00
-8.9428234e+00
-8.5372925e+00
-8.4833888e+00
-8.5027385e+00
-8.4040591e+00
-8.5545252e+00
-8.1543089e+00
-7.9904582e+00
-7.9936644e+00
-7.9418953e+00
-7.6575043e+00
-8.0404204e+00
-7.8115228e+00
-7.9665815e+00
-7.5041324e+00
-7.5257740e+00
-7.7660838e+00
-7.4164878e+00
-7.2343253e+00
-7.6704802e+00
-7.2745018e+00
-6.8303585e+00
-6.9703385e+00
-7.3265904e+00
-7.8103739e+00
-8.1138014e+00
-8.5742446e+00
-8.8381281e+00
-8.7540543e+00
-8.8534438e+00
-8.5561323e+00
-8.9553787e+00
-9.1992283e+00
-9.5559740e+00
-9.8702138e+00
-1.0026848e+01
-9.9345890e+00
-9.7904604e+00
-9.5144064e+00
-9.5358786e+00
-9.5099070e+00
-9.3717730e+00
-9.2349927e+00
-8.9390518e+00
-9.1177741e+00
-9.6094135e+00
-9.3789272e+00
-9.5868747e+00
-9.9022327e+00
-1.0000487e+01
-9.7361384e+00
-9.6754841e+00
-9.2080724e+00
-9.1715157e+00
-8.9743277e+00
-9.1022515e+00
-9.1986123e+00
-8.9556470e+00
-8.9047540e+00
-9.3091188e+00
-8.8209382e+00
-8.7101454e+00
-8.6367609e+00
-9.0743384e+00
-9.3927809e+00
-9.8353339e+00
-1.0295536e+01
-9.9045137e+00
-1.0168585e+01
-1.0256144e+01
-1.0091316e+01
-1.0159596e+01
-9.8346195e+00
-1.0216665e+01
-1.0489518e+01
-1.0069178e+01
-1.0267319e+01
-9.8743205e+00
-1.0335701e+01
-1.0511140e+01
-1.0422519e+01
-1.0576686e+01
-1.0638824e+01
-1.0970437e+01
-1.0999516e+01
-1.1494142e+01
-1.1603968e+01
-1.1659195e+01
-1.1589829e+01
-1.1357347e+01
-1.1516953e+01
-1.1885935e+01
-1.1669125e+01
-1.1707126e+01
-1.1400323e+01
-1.1813661e+01
-1.1723931e+01
-1.1586499e+01
-1.1513303e+01
-1.1508327e+01
-1.1945953e+01
-1.1894539e+01
-1.1574176e+01
-1.1902066e+01
-1.1460030e+01
-1.1378701e+01
-1.1859672e+01
-1.1463027e+01
-1.1666941e+01
-1.1441036e+01
-1.1051070e+01
-1.1448123e+01
-1.0949050e+01
-1.0838572e+01
-1.1197928e+01
-1.0924989e+01
-1.1373393e+01
-1.1389744e+01
-1.1057410e+01
-1.1530670e+01
-1.1593879e+01
-1.2032093e+01
-1.1835294e+01
-1.2324783e+01
-1.2058827e+01
-1.1948909e+01
-1.2294176e+01
-1.2112923e+01
-1.2151351e+01
-1.2092894e+01
-1.2312422e+01
-1.2500535e+01
-1.2224750e+01
-1.1767753e+01
-1.1874125e+01
-1.1798049e+01
-1.2107775e+01
-1.2066243e+01
-1.2128563e+01
-1.1791828e+01
-1.2244316e+01
-1.1752150e+01
-1.1868714e+01
-1.2306977e+01
-1.2390768e+01
-1.2525351e+01
-1.2263946e+01
-1.2563484e+01
-1.2690600e+01
-1.2665749e+01
-1.3050666e+01
-1.3513827e+01
-1.3170698e+01
-1.3027987e+01
-1.2982001e+01
-1.2579898e+01
-1.2373486e+01
-1.2057893e+01
-1.1854081e+01
-1.1446751e+01
-1.1072200e+01
-1.0575166e+01
-1.0584256e+01
-1.1083467e+01
-1.0934233e+01
-1.1080580e+01
-1.1323509e+01
-1.1427374e+01
-1.1623375e+01
-1.1949622e+01
-1.2240999e+01
-1.2142893e+01
-1.1980286e+01
-1.2162644e+01
-1.2244586e+01
-1.1787328e+01
-1.1478303e+01
-1.1723600e+01
-1.1920774e+01
-1.2102186e+01
-1.2058080e+01
-1.2103688e+01
-1.2256277e+01
-1.1804144e+01
-1.1565093e+01
-1.1888009e+01
-1.2322504e+01
-1.2573070e+01
-1.2263891e+01
-1.2233764e+01
-1.2188800e+01
-1.2543864e+01
-1.3019940e+01
-1.3420760e+01
-1.2941591e+01
-1.2973755e+01
-1.3168737e+01
-1.2993011e+01
-1.2634280e+01
-1.2309710e+01
-1.2794275e+01
-1.2834504e+01
-1.3262547e+01
-1.3085052e+01
-1.3328641e+01
-1.3082646e+01
-1.3078491e+01
-1.2948211e+01
-1.3395276e+01
-1.3871899e+01
-1.3746055e+01
-1.3464741e+01
-1.3777841e+01
-1.4217160e+01
-1.3886723e+01
-1.3885645e+01
-1.4176171e+01
-1.3778858e+01
-1.3354251e+01
-1.3252283e+01
-1.3320448e+01
-1.2835484e+01
-1.3040584e+01
-1.3427282e+01
-1.3852662e+01
-1.3549310e+01
-1.3797522e+01
-1.4196256e+01
-1.4215523e+01
-1.4324739e+01
-1.4610502e+01
-1.4956826e+01
-1.5258344e+01
-1.4937129e+01
-1.4616988e+01
-1.4786948e+01
-1.4357350e+01
-1.4392519e+01
-1.4027344e+01
-1.3800825e+01
-1.4207685e+01
-1.4581110e+01
-1.4851326e+01
-1.4999898e+01
-1.4911423e+01
-1.4890821e+01
-1.4881490e+01
-1.4616933e+01
-1.5021653e+01
-1.5414472e+01
-1.5736820e+01
-1.5524446e+01
-1.5035339e+01
-1.4759197e+01
-1.5019416e+01
-1.4544921e+01
-1.4053668e+01
-1.4243456e+01
-1.4582238e+01
-1.4277207e+01
-1.4538788e+01
-1.4451289e+01
-1.4739691e+01
-1.4261272e+01
-1.4199677e+01
-1.3799249e+01
-1.4148813e+01
-1.3891457e+01
-1.3784917e+01
-1.3832345e+01
-1.3952816e+01
-1.3993508e+01
-1.4319679e+01
-1.4815334e+01
-1.4564625e+01
-1.4698612e+01
-1.5136780e+01
-1.5182600e+01
-1.4771320e+01
-1.4419166e+01
-1.4196097e+01
-1.4333051e+01
-1.4363826e+01
-1.3879694e+01
-1.4118558e+01
-1.3643607e+01
-1.3246517e+01
-1.3738223e+01
-1.4194393e+01
-1.4002702e+01
-1.3571584e+01
-1.3096602e+01
-1.3145735e+01
-1.2904662e+01
-1.2721327e+01
-1.2419476e+01
-1.2628728e+01
-1.2417762e+01
-1.1969687e+01
-1.1664082e+01
-1.1182812e+01
-1.1532961e+01
-1.1786078e+01
-1.1496898e+01
-1.1312037e+01
-1.1325848e+01
-1.1750545e+01
-1.1498092e+01
-1.1516682e+01
-1.1545688e+01
-1.1683167e+01
-1.1396290e+01
-1.1214032e+01
-1.0808884e+01
-1.0313840e+01
-1.0718404e+01
-1.1121457e+01
-1.1317863e+01
-1.1052642e+01
-1.1219537e+01
-1.1096339e+01
-1.1043209e+01
-1.0671391e+01
-1.0656651e+01
-1.0729967e+01
-1.1194062e+01
-1.0957076e+01
-1.0536277e+01
-1.0512970e+01
-1.0015582e+01
-1.0375898e+01
-9.9869768e+00
-1.0268160e+01
-1.0216400e+01
-1.0398321e+01
-1.0615091e+01
-1.0212550e+01
-1.0144098e+01
-9.8603343e+00
-1.0220651e+01
-9.8825313e+00
-9.7537016e+00
-1.0188471e+01
-1.0606852e+01
-1.0784681e+01
-1.0526632e+01
-1.1019460e+01
-1.1498717e+01
-1.1166581e+01
-1.1590672e+01
-1.1904103e+01
-1.2016858e+01
-1.1870673e+01
-1.1857886e+01
-1.1556674e+01
-1.2001215e+01
-1.1631114e+01
-1.1498626e+01
-1.1123574e+01
-1.1498241e+01
-1.1033081e+01
-1.1434179e+01
-1.1009797e+01
-1.1194374e+01
-1.1173509e+01
-1.0821640e+01
-1.1305819e+01
-1.1338914e+01
-1.0852624e+01
-1.0591460e+01
-1.0806960e+01
-1.1158582e+01
-1.0811213e+01
-1.1172155e+01
-1.1521374e+01
-1.1415549e+01
-1.1157864e+01
-1.0853104e+01
-1.0468672e+01
-1.0253810e+01
-1.0396608e+01
-1.0190006e+01
-9.9458096e+00
-9.6362533e+00
-9.3508526e+00
-9.2693471e+00
-9.6418886e+00
-9.3727236e+00
-9.0531826e+00
-9.0938173e+00
-8.7428672e+00
-9.1513320e+00
-9.4737852e+00
-9.7748982e+00
-9.3713480e+00
-9.6312140e+00
-9.6844427e+00
-9.3799102e+00
-9.7790637e+00
-9.2942663e+00
-9.1844542e+00
-9.4037823e+00
-9.5409317e+00
-9.5398698e+00
-9.7513126e+00
-1.0247973e+01
-1.0347534e+01
-1.0373330e+01
-1.0484506e+01
-1.0421257e+01
-1.0099986e+01
-1.0479428e+01
-1.0141261e+01
-1.0160377e+01
-1.0074774e+01
-1.0076679e+01
-1.0196309e+01
-9.9642112e+00
-1.0295478e+01
-9.8160934e+00
-1.0146678e+01
-9.8812131e+00
-9.7301269e+00
-9.3400991e+00
-8.9041241e+00
-8.7370879e+00
-9.2248304e+00
-9.1699563e+00
-9.1463059e+00
-8.9608487e+00
-9.4499344e+00
-9.5967551e+00
-9.4100936e+00
-9.6831400e+00
-1.0037394e+01
-9.5847932e+00
-9.5680673e+00
-9.6703669e+00
-1.0007953e+01
-9.8130448e+00
-1.0017852e+01
-1.0383679e+01
-1.0787641e+01
-1.0870270e+01
-1.0856117e+01
-1.0567793e+01
-1.0620581e+01
-1.0442034e+01
-1.0158051e+01
-1.0036805e+01
-1.0304307e+01
-1.0636292e+01
-1.0510956e+01
-1.0352463e+01
-1.0813344e+01
-1.1215430e+01
-1.1540968e+01
-1.1518982e+01
-1.1721731e+01
-1.1953858e+01
-1.1587130e+01
-1.2050594e+01
-1.2115215e+01
-1.2050921e+01
-1.2357228e+01
-1.2098248e+01
-1.1981058e+01
-1.2065206e+01
-1.2488666e+01
-1.2377989e+01
-1.2172999e+01
-1.1922692e+01
-1.1709341e+01
-1.1290849e+01
-1.1520189e+01
-1.1678260e+01
-1.1419485e+01
-1.1118524e+01
-1.1438434e+01
-1.1147479e+01
-1.1051754e+01
-1.0692444e+01
-1.0529288e+01
-1.0432571e+01
-1.0794856e+01
-1.0867769e+01
-1.1171904e+01
-1.1108479e+01
-1.1423369e+01
-1.1432734e+01
-1.1541762e+01
-1.1684163e+01
-1.1366349e+01
-1.1445501e+01
-1.1079547e+01
-1.0622318e+01
-1.1009439e+01
-1.1452711e+01
-1.1643023e+01
-1.1251801e+01
-1.1652601e+01
-1.1790871e+01
-1.1794734e+01
-1.1334833e+01
-1.1230910e+01
-1.0870933e+01
-1.0913545e+01
-1.1131877e+01
-1.1105395e+01
-1.0675753e+01
-1.0178826e+01
-1.0654956e+01
-1.0157538e+01
-9.9120844e+00
-9.5249513e+00
-9.3720555e+00
-9.7419019e+00
-9.5764057e+00
-9.9601623e+00
-1.0306784e+01
-1.0481902e+01
-1.0469932e+01
-1.0774750e+01
-1.1225257e+01
-1.0806806e+01
-1.0876926e+01
-1.0740289e+01
-1.0389057e+01
-1.0352290e+01
-1.0381105e+01
-1.0623745e+01
-1.0241452e+01
-1.0421878e+01
-1.0753473e+01
-1.0413847e+01
-1.0485220e+01
-1.0824820e+01
-1.1272595e+01
-1.0873046e+01
-1.1212552e+01
-1.0897214e+01
-1.1318546e+01
-1.1591209e+01
-1.1974113e+01
-1.1617831e+01
-1.1966848e+01
-1.2212716e+01
-1.2487101e+01
-1.2457912e+01
-1.2353137e+01
-1.2044654e+01
-1.2332881e+01
-1.2750287e+01
-1.2891488e+01
-1.2781185e+01
-1.3004550e+01
-1.3342990e+01
-1.3103911e+01
-1.3014904e+01
-1.2589469e+01
-1.2879600e+01
-1.2513986e+01
-1.2514793e+01
-1.2391686e+01
-1.2145771e+01
-1.1673301e+01
-1.1459656e+01
-1.0960403e+01
-1.1040439e+01
-1.0719051e+01
-1.0289591e+01
-1.0294615e+01
-1.0250937e+01
-9.7795414e+00
-9.7326349e+00
-1.0050440e+01
-9.7149964e+00
-9.4994427e+00
-9.2893316e+00
-9.4069018e+00
-9.0134220e+00
-9.4454587e+00
-9.9000620e+00
-1.0226940e+01
-9.7820426e+00
-1.0016149e+01
-9.5934902e+00
-9.3651387e+00
-9.7510215e+00
-9.7001700e+00
-9.8918147e+00
-1.0385504e+01
-1.0078413e+01
-1.0347888e+01
-1.0326805e+01
-1.0630960e+01
-1.0324083e+01
-9.8906518e+00
-9.6312061e+00
-9.4826006e+00
-9.7360296e+00
-9.6205275e+00
-1.0005639e+01
-1.0185671e+01
-1.0066620e+01
-9.7379100e+00
-1.0217295e+01
-9.8047252e+00
-1.0189473e+01
-9.9027869e+00
-9.8426308e+00
-1.0252949e+01
-1.0744891e+01
-1.0444083e+01
-1.0016614e+01
-9.9935889e+00
-9.5325988e+00
-9.1490497e+00
-9.1404829e+00
-8.8886515e+00
-8.8637507e+00
-9.1974435e+00
-9.5492136e+00
-9.7162965e+00
-1.0138415e+01
-1.0381394e+01
-1.0577127e+01
-1.0565299e+01
-1.1025221e+01
-1.1381480e+01
-1.1241365e+01
-1.0845052e+01
-1.0771844e+01
-1.0872369e+01
-1.0528706e+01
-1.0379927e+01
-1.0011170e+01
-1.0409655e+01
-1.0368470e+01
-1.0214793e+01
-1.0025152e+01
-9.9894913e+00
-9.5757689e+00
-9.3425385e+00
-9.7769808e+00
-1.0172105e+01
-1.0665861e+01
-1.0853930e+01
-1.0690421e+01
-1.0529478e+01
-1.0659950e+01
-1.0849962e+01
-1.1090520e+01
-1.1504535e+01
-1.1513585e+01
-1.1568661e+01
-1.1652947e+01
-1.1260452e+01
-1.1168877e+01
-1.0669760e+01
-1.1069090e+01
-1.1006449e+01
-1.0876542e+01
-1.1242069e+01
-1.1203450e+01
-1.1435608e+01
-1.1567179e+01
-1.1090812e+01
-1.0599874e+01
-1.1040201e+01
-1.0785807e+01
-1.0636313e+01
-1.0245510e+01
-9.8028371e+00
-9.4257564e+00
-8.9599508e+00
-8.6503430e+00
-8.9393432e+00
-9.0724099e+00
-9.0536875e+00
-8.7039588e+00
-8.2696507e+00
-8.6942144e+00
-8.5732941e+00
-8.7018769e+00
-8.5891113e+00
-8.9540507e+00
-8.7861688e+00
-8.3692626e+00
-8.8607544e+00
-8.6416418e+00
-8.4170690e+00
-8.1637318e+00
-8.5550775e+00
-8.4612263e+00
-8.4894052e+00
-8.8658979e+00
-9.1699674e+00
-8.9051702e+00
-8.7907238e+00
-9.2110792e+00
-9.6120402e+00
-9.4116145e+00
-9.4905850e+00
-9.4943547e+00
-9.2539667e+00
-9.4579814e+00
-9.9490111e+00
-9.8446273e+00
-1.0092129e+01
-1.0141328e+01
-9.9813498e+00
-1.0265592e+01
-1.0431085e+01
-1.0688961e+01
-1.0339943e+01
-9.9966954e+00
-9.7322343e+00
-1.0134055e+01
-9.7189952e+00
-9.5573210e+00
-9.3935625e+00
-9.1204202e+00
-9.4523404e+00
-9.8921724e+00
-9.6624551e+00
-1.0144040e+01
-1.0280019e+01
-1.0185816e+01
-1.0584191e+01
-1.0239092e+01
-1.0612936e+01
-1.0450497e+01
-1.0033199e+01
-1.0417171e+01
-1.0473946e+01
-1.0657375e+01
-1.1080247e+01
-1.1453365e+01
-1.1374553e+01
-1.1789669e+01
-1.2092126e+01
-1.1819964e+01
-1.2184582e+01
-1.2220007e+01
-1.2651904e+01
-1.2607996e+01
-1.2357363e+01
-1.2248822e+01
-1.2018011e+01
-1.2179882e+01
-1.2097930e+01
-1.2053433e+01
-1.1848088e+01
-1.1442387e+01
-1.1885994e+01
-1.1386284e+01
-1.1667448e+01
-1.1953661e+01
-1.2048129e+01
-1.1948638e+01
-1.1987511e+01
-1.2353177e+01
-1.1979964e+01
-1.1918700e+01
-1.2411867e+01
-1.2422709e+01
-1.2402162e+01
-1.2224549e+01
-1.2377601e+01
-1.2483758e+01
-1.2278648e+01
-1.2582688e+01
-1.2914856e+01
-1.3223092e+01
-1.3124379e+01
-1.3592025e+01
-1.3214453e+01
-1.2941344e+01
-1.3387517e+01
-1.2957967e+01
-1.3015645e+01
-1.2897171e+01
-1.3217655e+01
-1.3073226e+01
-1.3565982e+01
-1.3177960e+01
-1.3359490e+01
-1.3058419e+01
-1.2603948e+01
-1.2884732e+01
-1.2716800e+01
-1.2444582e+01
-1.2792134e+01
-1.3265332e+01
-1.3438948e+01
-1.3198870e+01
-1.2939155e+01
-1.2903015e+01
-1.3341262e+01
-1.3130054e+01
-1.2889279e+01
-1.2469702e+01
-1.2777408e+01
-1.3260022e+01
-1.3369755e+01
-1.3699790e+01
-1.3876366e+01
-1.4243100e+01
-1.4143219e+01
-1.3653908e+01
-1.3739892e+01
-1.3297575e+01
-1.2974597e+01
-1.3266151e+01
-1.3286300e+01
-1.3104168e+01
-1.2689905e+01
-1.2783975e+01
-1.3091096e+01
-1.2913456e+01
-1.2956817e+01
-1.3443419e+01
-1.3311171e+01
-1.2904259e+01
-1.2762971e+01
-1.2879396e+01
-1.3188801e+01
-1.3495589e+01
-1.3511968e+01
-1.3901522e+01
-1.4088485e+01
-1.3919199e+01
-1.4074894e+01
-1.3903054e+01
-1.4391643e+01
-1.4530797e+01
-1.4213044e+01
-1.4306619e+01
-1.4777308e+01
-1.4928324e+01
-1.4720095e+01
-1.4619580e+01
-1.4679769e+01
-1.4637777e+01
-1.4282082e+01
-1.3842300e+01
-1.4149169e+01
-1.4084968e+01
-1.4156090e+01
-1.4000385e+01
-1.4391520e+01
-1.4045240e+01
-1.3839963e+01
-1.4108275e+01
-1.3670126e+01
-1.3382573e+01
-1.3620074e+01
-1.3829857e+01
-1.3915472e+01
-1.3881288e+01
-1.4094027e+01
-1.4542360e+01
-1.4671714e+01
-1.4647428e+01
-1.4638517e+01
-1.4435596e+01
-1.4670224e+01
-1.4484626e+01
-1.4046648e+01
-1.4299270e+01
-1.3943918e+01
-1.3997128e+01
-1.3663992e+01
-1.3357733e+01
-1.3798967e+01
-1.3647522e+01
-1.3821919e+01
-1.3713475e+01
-1.4019815e+01
-1.4093119e+01
-1.4451949e+01
-1.4641899e+01
-1.4167460e+01
-1.4173636e+01
-1.3812858e+01
-1.3428391e+01
-1.3475931e+01
-1.3699678e+01
-1.3292255e+01
-1.2923261e+01
-1.3174717e+01
-1.3168653e+01
-1.2747711e+01
-1.2886145e+01
-1.2537096e+01
-1.2491450e+01
-1.2524986e+01
-1.2296702e+01
-1.2230152e+01
-1.2556856e+01
-1.2726334e+01
-1.2928257e+01
-1.2565987e+01
-1.2467986e+01
-1.2682546e+01
-1.2551725e+01
-1.2492964e+01
-1.2867919e+01
-1.2989095e+01
-1.2760295e+01
-1.2564802e+01
-1.2169832e+01
-1.1808550e+01
-1.1354169e+01
-1.1022247e+01
-1.1143959e+01
-1.1334229e+01
-1.1603937e+01
-1.1112552e+01
-1.0685301e+01
-1.0675387e+01
-1.0761321e+01
-1.0430808e+01
-1.0067517e+01
-1.0501713e+01
-1.0027917e+01
-1.0436337e+01
-1.0625596e+01
-1.1112326e+01
-1.0648202e+01
-1.0256380e+01
-9.8763468e+00
-9.7746048e+00
-9.9037483e+00
-1.0146993e+01
-1.0291774e+01
-9.9692280e+00
-1.0371099e+01
-1.0404050e+01
-1.0554152e+01
-1.0385816e+01
-1.0373951e+01
-1.0250740e+01
-9.9567857e+00
-1.0073104e+01
-1.0195195e+01
-9.9259708e+00
-9.8301718e+00
-9.6517828e+00
-9.4244026e+00
-8.9640622e+00
-9.2450630e+00
-9.1889189e+00
-9.2231796e+00
-9.0584472e+00
-8.7154009e+00
-8.3683267e+00
-8.1984732e+00
-7.7657890e+00
-7.4415198e+00
-7.9340053e+00
-7.7597638e+00
-7.3975728e+00
-7.4491047e+00
-7.3259074e+00
-7.5542182e+00
-7.9558701e+00
-7.8264829e+00
-7.7842290e+00
-7.5578406e+00
-7.7306465e+00
-7.7255654e+00
-7.5633921e+00
-7.5382186e+00
-7.1109829e+00
-6.9190247e+00
-6.5647267e+00
-6.7869437e+00
-6.3020143e+00
-6.2751197e+00
-6.0729664e+00
-5.8933420e+00
-5.7191558e+00
-5.9705199e+00
-5.7876303e+00
-5.4732705e+00
-5.1373287e+00
-5.1408161e+00
-4.7907538e+00
-5.0993228e+00
-5.5138067e+00
-5.8181017e+00
-5.8722009e+00
-6.0102438e+00
-6.0235016e+00
-6.3195321e+00
-6.5091441e+00
-6.3170842e+00
-6.1956936e+00
-6.2715150e+00
-6.2679782e+00
-5.8298618e+00
-6.1293880e+00
-6.5571894e+00
-6.5505478e+00
-6.9946907e+00
-6.9750118e+00
-7.0972345e+00
-7.3170236e+00
-7.5084907e+00
-7.9334179e+00
-7.7999830e+00
-7.6900615e+00
-8.0870714e+00
-8.1607931e+00
-7.7307941e+00
-8.1876485e+00
-8.1953263e+00
-8.3966644e+00
-8.2917662e+00
-8.7707765e+00
-9.0043869e+00
-8.6819758e+00
-8.7086046e+00
-8.5923662e+00
-8.5561296e+00
-8.5298075e+00
-8.1761031e+00
-7.8149613e+00
-7.4228276e+00
-7.5307116e+00
-7.3721998e+00
-7.3344096e+00
-7.7384339e+00
-7.5532245e+00
-7.1720861e+00
-7.1382818e+00
-6.8055181e+00
-7.1209607e+00
-7.2968565e+00
-7.1143107e+00
-6.9839756e+00
-7.0301911e+00
-7.1803587e+00
-7.1860213e+00
-7.1385203e+00
-7.3376187e+00
-7.4392914e+00
-7.8247542e+00
-7.9327293e+00
-8.3424946e+00
-8.5071198e+00
-8.4645933e+00
-8.7324020e+00
-8.5605767e+00
-8.3395871e+00
-8.8159245e+00
-8.4418324e+00
-8.1170209e+00
-8.4870130e+00
-8.6166902e+00
-8.6773452e+00
-8.4239892e+00
-8.6985794e+00
-8.7948771e+00
-9.0091850e+00
-9.0391771e+00
-9.2957486e+00
-8.8472495e+00
-8.4362409e+00
-8.0803616e+00
-7.8350879e+00
-8.3046806e+00
-8.3969921e+00
-8.3616910e+00
-7.8921871e+00
-7.5458586e+00
-7.5921056e+00
-7.6688488e+00
-7.6182287e+00
-7.6250545e+00
-7.6743342e+00
-7.3617968e+00
-7.1869364e+00
-7.0104056e+00
-6.9107968e+00
-6.5332674e+00
-6.8936483e+00
-6.5609777e+00
-6.5058732e+00
-6.1385211e+00
-5.7035402e+00
-5.4061921e+00
-5.4371228e+00
-5.0552483e+00
-4.5822668e+00
-4.1000306e+00
-4.2348710e+00
-3.8333937e+00
-3.8180799e+00
-3.4843927e+00
-3.3676097e+00
-3.7352223e+00
-3.4652608e+00
-3.7887334e+00
-4.0240856e+00
-4.0991330e+00
-4.1692208e+00
-3.7544434e+00
-3.7808749e+00
-4.2223240e+00
-4.1654627e+00
-4.3921449e+00
-3.9424844e+00
-3.7950312e+00
-3.3398490e+00
-2.9167277e+00
-3.3744004e+00
-3.4847253e+00
-3.5332670e+00
-3.9699785e+00
-4.0267493e+00
-3.5316170e+00
-3.0611493e+00
-2.9231680e+00
-2.5413409e+00
-2.5113399e+00
-2.3403207e+00
-2.1728832e+00
-2.3815456e+00
-2.5109627e+00
-2.8811230e+00
-3.0721978e+00
-3.5060354e+00
-3.3128762e+00
-3.7811812e+00
-3.3409295e+00
-3.1960357e+00
-3.5340282e+00
-3.2482820e+00
-3.4410405e+00
-3.8166883e+00
-3.5643185e+00
-3.7294468e+00
-3.7680872e+00
-3.9598690e+00
-4.3575151e+00
-4.4355650e+00
-4.6561962e+00
-4.6353229e+00
-4.2787409e+00
-4.0048028e+00
-3.6232000e+00
-3.8933724e+00
-3.7976431e+00
-3.6148675e+00
-3.2913139e+00
-3.1478588e+00
-3.4289215e+00
-3.1308335e+00
-2.6359963e+00
-2.9918977e+00
-2.5936660e+00
-2.7652881e+00
-2.6868574e+00
-2.5459601e+00
-2.7574670e+00
-2.4462163e+00
-2.2827909e+00
-2.3508920e+00
-2.7290765e+00
-2.9339894e+00
-3.4243215e+00
-3.7907274e+00
-3.9573788e+00
-3.4955874e+00
-3.1280499e+00
-3.4560754e+00
-3.2472731e+00
-3.1804261e+00
-3.6728329e+00
-3.3790340e+00
-3.8302797e+00
-3.5729073e+00
-3.6788769e+00
-3.8043618e+00
-3.7661792e+00
-3.5529918e+00
-3.3756990e+00
-3.7623316e+00
-3.8185034e+00
-4.1998178e+00
-4.1687391e+00
-4.2282371e+00
-4.4554688e+00
-4.6707231e+00
-4.8566792e+00
-5.2269154e+00
-4.9035053e+00
-4.7982523e+00
-4.4293487e+00
-4.7056167e+00
-4.9632902e+00
-4.8255284e+00
-4.6492324e+00
-5.0167923e+00
-5.1961655e+00
-5.2613084e+00
-5.6453845e+00
-5.8070742e+00
-5.3461931e+00
-5.2290494e+00
-4.9508554e+00
-4.4509059e+00
-4.3023554e+00
-3.8591317e+00
-4.0530526e+00
-3.8451875e+00
-3.4566595e+00
-3.1912576e+00
-3.5187654e+00
-3.7949360e+00
-4.2171529e+00
-4.3011646e+00
-4.6092136e+00
-4.3207057e+00
-4.0733209e+00
-4.0575994e+00
-3.6984536e+00
-3.8828033e+00
-3.4047189e+00
-3.8121301e+00
-3.8223472e+00
-3.4212564e+00
-3.7671331e+00
-3.7634109e+00
-3.4697933e+00
-3.8711107e+00
-4.1854129e+00
-4.3469632e+00
-4.5511165e+00
-4.8398344e+00
-4.9717813e+00
-4.7183346e+00
-4.9353527e+00
-4.9375071e+00
-4.9794666e+00
-4.6997654e+00
-4.9056061e+00
-4.6378060e+00
-4.5830442e+00
-4.9817146e+00
-4.7794414e+00
-5.1043870e+00
-5.5617827e+00
-5.7279247e+00
-5.5383456e+00
-5.1527060e+00
-4.9316431e+00
-5.2365475e+00
-5.5033080e+00
-5.2462410e+00
-5.0637822e+00
-4.5714434e+00
-4.6861506e+00
-4.6329213e+00
-5.1286566e+00
-5.6148436e+00
-5.4680351e+00
-5.0669397e+00
-5.1791356e+00
-4.7932912e+00
-5.1406935e+00
-5.3033348e+00
-5.3140052e+00
-4.8194310e+00
-4.8193478e+00
-5.0061991e+00
-5.3044236e+00
-5.1768657e+00
-5.1179814e+00
-4.8206034e+00
-4.9026527e+00
-4.9227774e+00
-5.3067807e+00
-5.6246392e+00
-5.5794051e+00
-5.8855778e+00
-6.2224357e+00
-6.4011220e+00
-6.0580889e+00
-6.1492579e+00
-5.8049019e+00
-5.8952155e+00
-5.7217421e+00
-6.0932107e+00
-6.2104822e+00
-5.7763292e+00
-6.0907217e+00
-6.0244465e+00
-5.9132230e+00
-5.8609038e+00
-5.7585688e+00
-6.0380116e+00
-5.6724737e+00
-5.4953111e+00
-5.1137935e+00
-4.7297325e+00
-4.9971103e+00
-4.9599838e+00
-4.5493819e+00
-5.0384372e+00
-5.0756156e+00
-4.9194538e+00
-4.7007913e+00
-4.5131645e+00
-4.0146308e+00
-4.1520477e+00
-3.7323170e+00
-3.7634593e+00
-3.7104741e+00
-4.1943423e+00
-4.0146756e+00
-4.4087714e+00
-4.2815064e+00
-3.9245410e+00
-4.3722298e+00
-3.9793765e+00
-3.7870426e+00
-3.6255564e+00
-3.4263981e+00
-3.6931787e+00
-3.7980558e+00
-3.4175994e+00
-2.9682632e+00
-2.6819574e+00
-2.6780840e+00
-2.9497100e+00
-2.4660833e+00
-2.4350488e+00
-2.8442809e+00
-2.3674057e+00
-2.5615637e+00
-2.7906663e+00
-2.8334313e+00
-3.1298526e+00
-3.2257066e+00
-2.7773509e+00
-2.3248152e+00
-2.1349442e+00
-1.7624556e+00
-1.4344807e+00
-1.7993255e+00
-2.1705191e+00
-1.6890800e+00
-1.9827079e+00
-2.3444122e+00
-2.0139842e+00
-2.0860846e+00
-2.2491690e+00
-2.2493050e+00
-2.1360064e+00
-1.8543109e+00
-2.3492575e+00
-2.1955824e+00
-2.0727957e+00
-1.6257745e+00
-1.1834978e+00
-1.1710806e+00
-7.8784311e-01
-6.9956260e-01
-5.5187109e-01
-9.5267993e-01
-5.9349177e-01
-1.5117370e-01
-1.3559686e-01
-6.3096866e-01
-9.1290224e-01
-1.2287599e+00
-1.1254412e+00
-1.5411321e+00
-1.6005884e+00
-1.1678504e+00
-1.4737737e+00
-1.9398192e+00
-2.1879176e+00
-2.6181193e+00
-2.4461794e+00
-2.0502431e+00
-1.5647319e+00
-1.1221399e+00
-1.1898926e+00
-1.3307145e+00
-9.0078650e-01
-4.7209488e-01
-4.7870913e-01
-6.9141089e-01
-7.6011211e-01
-4.8883797e-01
-9.3466642e-01
-1.0382021e+00
-7.6546561e-01
-2.7977349e-01
1.0590116e-01
2.0905054e-01
6.0327604e-01
6.6220517e-01
2.0182514e-01
3.2709970e-01
-8.3031094e-02
3.4153600e-01
3.4209085e-01
6.0823839e-01
7.9223555e-01
1.1811882e+00
1.4672483e+00
1.8007121e+00
1.4111670e+00
1.0360111e+00
6.2193118e-01
7.6213459e-01
1.1962175e+00
1.0691291e+00
8.1830321e-01
1.1456091e+00
7.9255772e-01
2.9262618e-01
-1.6824802e-01
-6.2689707e-01
-2.5272853e-01
-2.9621571e-01
-7.7091444e-01
-3.0020379e-01
-7.3658246e-01
-1.0380051e+00
-6.7798334e-01
-3.7011784e-01
-7.8168732e-01
-1.2769673e+00
-1.1002146e+00
-1.1365368e+00
-1.1883609e+00
-1.6883289e+00
-1.1964198e+00
-8.7682594e-01
-4.9671268e-01
-2.7117338e-01
-5.7813602e-01
-8.8622877e-01
-1.3798813e+00
-1.0229119e+00
-1.0756957e+00
-1.1878509e+00
-1.2113158e+00
-1.5845881e+00
-1.5988435e+00
-1.2969380e+00
-1.0207219e+00
-6.0852689e-01
-3.5136959e-01
-1.5033544e-01
-5.6050067e-01
-6.0898775e-01
-1.4801244e-01
-4.0222236e-01
-3.8639019e-01
7.6666475e-02
3.4875002e-01
2.5931724e-01
-1.6069693e-01
-8.2824883e-02
-1.2873261e-01
2.2501882e-01
1.5078277e-01
6.2128381e-02
-3.1238149e-01
-1.4811475e-01
-5.8246345e-01
-2.2178956e-01
-9.0892826e-02
-2.8681979e-01
-3.2565629e-01
-4.3805036e-01
-7.0924841e-01
-3.3289696e-01
-5.6661517e-01
-6.0876034e-01
-1.9722166e-01
-7.9343424e-02
3.0798702e-01
6.6281731e-01
6.3135035e-01
6.3241000e-01
1.1048032e+00
1.3688640e+00
1.4513172e+00
1.2329193e+00
1.0703851e+00
1.2429106e+00
1.4133509e+00
1.2577622e+00
1.7449666e+00
1.7212808e+00
1.5561112e+00
1.5925287e+00
1.3876362e+00
1.7644209e+00
1.4560499e+00
1.1520386e+00
8.5543462e-01
7.7680123e-01
8.0255653e-01
7.9867770e-01
1.0666466e+00
5.7201341e-01
3.5595423e-01
7.0254807e-01
3.5661058e-01
4.8208821e-01
2.1088682e-01
2.1741654e-01
1.8976991e-01
7.4365992e-02
1.2180621e-01
-3.4479692e-01
-7.4261192e-01
-4.8097910e-01
-1.1437823e-01
1.3972647e-01
3.0714885e-01
2.0644221e-01
4.8311599e-01
5.5388495e-01
7.6125244e-01
7.6018467e-01
6.1714778e-01
9.7688755e-01
5.1594054e-01
1.7227965e-01
-2.5372401e-01
-7.2732462e-01
-1.1511118e+00
-1.5086462e+00
-1.8606859e+00
-1.4962775e+00
-1.3103613e+00
-8.3998127e-01
-1.3039266e+00
-1.0651239e+00
-8.4864665e-01
-6.9213242e-01
-1.0989946e+00
-6.1853088e-01
-2.9086508e-01
-3.1041527e-01
-5.8176931e-01
-6.8019472e-01
-5.9742855e-01
-8.7489831e-01
-1.1479303e+00
-9.2880488e-01
-9.2913483e-01
-7.2133743e-01
-1.1498351e+00
-1.5303930e+00
-1.2647902e+00
-1.1227865e+00
-1.4642215e+00
-1.1962004e+00
-1.4700447e+00
-1.2501928e+00
-1.0219807e+00
-1.2409821e+00
-7.8189073e-01
-3.3415247e-01
-2.9240525e-01
-3.4838701e-01
7.6205553e-03
2.7942542e-01
-1.3468438e-01
-1.8933337e-01
-2.1221838e-01
1.6051930e-01
3.6374631e-01
7.5238136e-02
-3.0646498e-01
-7.3534526e-01
-6.2716640e-01
-1.0666186e+00
-8.4921313e-01
-5.7440305e-01
-1.0371831e+00
-1.3447281e+00
-1.4633126e+00
-1.0643958e+00
-1.0609837e+00
-9.7908233e-01
-1.0422585e+00
-1.0700156e+00
-9.6745761e-01
-7.3897428e-01
-5.4018163e-01
-2.1848095e-01
-5.9202961e-01
-1.0797005e+00
-1.3933186e+00
-1.5913186e+00
-1.8913691e+00
-1.8897723e+00
-2.0061041e+00
-2.4716942e+00
-2.0950085e+00
-1.8292158e+00
-1.3654750e+00
-1.8600838e+00
-1.4028553e+00
-1.0423515e+00
-7.3110296e-01
-1.1091239e+00
-7.5319196e-01
-8.4465645e-01
-1.1695218e+00
-9.8414611e-01
-1.0558885e+00
-1.2783879e+00
-9.5643253e-01
-1.1006049e+00
-1.2008214e+00
-1.5824541e+00
-1.3167771e+00
-1.0288206e+00
-6.6386019e-01
-6.3589091e-01
-9.3116515e-01
-7.3479557e-01
-1.1015615e+00
-7.0890114e-01
-2.4652862e-01
1.7460438e-01
4.3099916e-01
2.0678205e-01
2.3497102e-01
7.9105172e-02
1.1817592e-01
-2.8744023e-01
-6.4127012e-01
-1.0242063e+00
-6.3777401e-01
-4.3569523e-01
2.1343883e-02
2.4811702e-01
-1.7900902e-01
-6.5780270e-01
-1.0235973e+00
-1.1244977e+00
-7.5650204e-01
-4.1581630e-01
1.2877394e-02
-4.0796534e-01
-2.5485663e-01
-1.5060380e-01
2.1997671e-01
-1.7387816e-01
-3.1680105e-01
-3.6625783e-01
-7.3343369e-01
-1.1054394e+00
-1.4283269e+00
-1.6275040e+00
-2.0103323e+00
-1.9539176e+00
-2.1796239e+00
-2.5987201e+00
-2.4412484e+00
-2.6928202e+00
-2.7637603e+00
-2.5566005e+00
-2.9762858e+00
-3.2066075e+00
-3.0532286e+00
-3.0690407e+00
-3.5570074e+00
-3.6409100e+00
-3.5585322e+00
-3.5916624e+00
-3.1164086e+00
-2.7753708e+00
-3.2585660e+00
-2.8218540e+00
-2.3386974e+00
-2.2188936e+00
-2.2282219e+00
-2.0271386e+00
-2.0656299e+00
-2.4177197e+00
-2.7406936e+00
-2.8819255e+00
-3.2872407e+00
-3.3878193e+00
-3.8752500e+00
-4.1600318e+00
-4.6375318e+00
-4.6701159e+00
-4.4555883e+00
-4.1674233e+00
-3.9045216e+00
-4.3925209e+00
-4.1231868e+00
-4.1990435e+00
-3.8311165e+00
-4.1678192e+00
-4.4889967e+00
-4.9461909e+00
-4.7101417e+00
-4.4003285e+00
-4.6589465e+00
-5.0833608e+00
-4.6346372e+00
-4.2356406e+00
-4.7162480e+00
-4.8735791e+00
-4.7245694e+00
-4.7312949e+00
-4.3972533e+00
-4.2502042e+00
-3.9356373e+00
-3.7744171e+00
-3.5692233e+00
-3.3776638e+00
-3.2310734e+00
-3.0690792e+00
-3.1717709e+00
-3.3822540e+00
-3.8395433e+00
-3.3838028e+00
-3.5624560e+00
-3.1475652e+00
-3.0360307e+00
-2.7615243e+00
-3.1891262e+00
-3.2288434e+00
-3.6529986e+00
-3.3763822e+00
-3.4875982e+00
-3.2852424e+00
-2.8760936e+00
-2.5373827e+00
-2.7422400e+00
-2.2968926e+00
-2.5202326e+00
-2.1914480e+00
-1.6987835e+00
-2.0365819e+00
-2.0486896e+00
-1.5534451e+00
-1.2546451e+00
-1.2210037e+00
-1.4546813e+00
-1.3248398e+00
-1.4316119e+00
-1.5684854e+00
-1.6038699e+00
-1.1729934e+00
-1.1324782e+00
-1.6215783e+00
-1.4495752e+00
-1.3992285e+00
-9.7140910e-01
-6.6495481e-01
-9.7619488e-01
-6.2985575e-01
-1.0639642e+00
-8.0255738e-01
-9.0718576e-01
-9.0921776e-01
-8.0346501e-01
-6.7171480e-01
-8.9858096e-01
-1.1270738e+00
-1.6180813e+00
-1.4938270e+00
-1.0663416e+00
-1.2924262e+00
-1.4338989e+00
-1.7146997e+00
-1.4472782e+00
-9.6637755e-01
-1.0691734e+00
-9.3237229e-01
-8.8976199e-01
-1.1773028e+00
-1.0313448e+00
-1.0732405e+00
-7.5740870e-01
-6.6739342e-01
-2.2856234e-01
-1.8289715e-01
5.5501627e-02
2.9560545e-01
6.6940070e-01
1.1616527e+00
1.4790660e+00
1.7057789e+00
1.2593877e+00
7.9910142e-01
5.3359023e-01
8.9791352e-01
1.1556367e+00
7.1145288e-01
5.9076815e-01
6.1408171e-01
5.1826825e-01
6.4499925e-01
3.0892226e-01
-6.5396725e-02
-3.9119603e-02
7.4361311e-02
-3.8313504e-01
-7.2296776e-01
-1.1258610e+00
-6.6708176e-01
-2.2765650e-01
-6.7859550e-01
-1.1088888e+00
-8.6992088e-01
-1.1346469e+00
-7.0364866e-01
-4.4989486e-01
-2.2469077e-01
-1.7573552e-01
-1.9397871e-01
1.4162662e-01
-5.6632789e-02
-2.4308699e-01
1.0434100e-01
-3.8459325e-02
7.5295221e-02
-6.2109142e-02
-4.0686609e-01
-6.0075044e-01
-9.9247471e-01
-9.7656282e-01
-7.8416250e-01
-1.2137572e+00
-1.5852190e+00
-1.2846589e+00
-1.5718956e+00
-1.1266973e+00
-1.1030916e+00
-6.9283650e-01
-1.0665415e+00
-7.2798597e-01
-2.7414484e-01
-7.4066597e-02
-1.2751625e-01
1.2707870e-01
8.4997183e-02
4.9810458e-01
5.9182889e-02
-2.1043356e-01
-6.0794533e-01
-4.9267715e-01
-6.7487443e-01
-9.1449486e-01
-4.2397111e-01
-2.4713831e-01
1.5951483e-01
4.3369528e-01
5.0903279e-01
3.5173638e-01
5.6547390e-01
2.4715049e-01
1.4513189e-01
3.3825738e-03
-4.9314887e-02
4.3645405e-02
1.6960308e-01
-4.1758564e-02
2.3724930e-01
3.9944163e-01
1.3757517e-01
-1.1097037e-01
-5.2113845e-01
-8.1047955e-01
-5.6364036e-01
-7.4832883e-01
-1.1293185e+00
-1.4834089e+00
-1.8643841e+00
-1.5096486e+00
-1.6708700e+00
-1.8396270e+00
-1.4761251e+00
-1.7588723e+00
-2.1751004e+00
-2.6560109e+00
-2.9789560e+00
-2.5900310e+00
-2.3412027e+00
-2.3989412e+00
-1.9461263e+00
-2.2513926e+00
-2.1521875e+00
-2.0803660e+00
-1.6164181e+00
-1.2050643e+00
-8.1072655e-01
-1.1583739e+00
-1.3901896e+00
-1.2759221e+00
-1.4585206e+00
-1.1556283e+00
-1.3275582e+00
-1.0450330e+00
-1.1991260e+00
-1.0094030e+00
-1.3427190e+00
-9.3986235e-01
-1.1913054e+00
-1.6027459e+00
-1.8731079e+00
-2.3007149e+00
-2.3527429e+00
-2.5423272e+00
-2.7913243e+00
-2.9408444e+00
-3.3428957e+00
-3.5886433e+00
-3.2500047e+00
-3.1909159e+00
-3.1725147e+00
-2.7099644e+00
-2.8909187e+00
-2.6586442e+00
-2.7735257e+00
-2.4412191e+00
-2.2095489e+00
-2.0722354e+00
-1.6276939e+00
-1.4159434e+00
-1.4441760e+00
-1.1813514e+00
-8.6244087e-01
-8.6209816e-01
-6.6488478e-01
-7.8892399e-01
-8.2899607e-01
-9.8668438e-01
-1.2132161e+00
-1.0794792e+00
-1.2258421e+00
-1.4289204e+00
-1.7937844e+00
-2.1047721e+00
-2.5499322e+00
-3.0237921e+00
-3.2044792e+00
-3.4822050e+00
-3.8485921e+00
-4.1294150e+00
-3.7163737e+00
-4.2018017e+00
-4.3125314e+00
-3.9130309e+00
-4.0577771e+00
-3.8845574e+00
-3.9510513e+00
-3.9800426e+00
-3.9866737e+00
-3.6317792e+00
-3.1851133e+00
-3.1819191e+00
-3.0177996e+00
-3.4989522e+00
-3.3791193e+00
-3.1044238e+00
-2.7186423e+00
-2.4308030e+00
-2.0528820e+00
-2.1055816e+00
-1.6846707e+00
-1.3022872e+00
-1.0787351e+00
-7.2570192e-01
-7.3128083e-01
-6.1047588e-01
-6.0837928e-01
-2.5230411e-01
-1.4092599e-01
3.4375148e-01
4.8334874e-01
6.7381021e-01
6.1866857e-01
1.0198712e+00
5.9085055e-01
3.9097640e-01
4.5629592e-01
7.8696189e-01
1.2158719e+00
1.3109890e+00
1.6838443e+00
2.1004909e+00
1.7649463e+00
1.6583687e+00
2.1173295e+00
1.9464097e+00
2.1280869e+00
1.9841031e+00
2.2618750e+00
2.1813982e+00
1.8837410e+00
1.9582616e+00
1.6478942e+00
2.1377109e+00
2.1119439e+00
1.9209933e+00
2.4117041e+00
2.0663957e+00
2.2342617e+00
1.8390062e+00
1.6841990e+00
1.5123673e+00
1.7448950e+00
1.7245270e+00
2.1578757e+00
2.6399265e+00
2.6170782e+00
2.2678798e+00
2.3236672e+00
2.0552430e+00
1.9276739e+00
2.0964397e+00
2.1980820e+00
2.2070621e+00
2.4929504e+00
2.3544263e+00
2.4340297e+00
2.5787471e+00
2.2980659e+00
2.3527847e+00
2.2537114e+00
2.2093711e+00
2.1038763e+00
2.1364553e+00
1.8963442e+00
1.6206019e+00
1.2853783e+00
1.0021438e+00
1.3574102e+00
1.6012798e+00
1.5756114e+00
1.8788725e+00
2.2759212e+00
1.9116118e+00
2.2799332e+00
1.8698953e+00
2.1536647e+00
2.6062249e+00
2.5347841e+00
2.4091824e+00
2.6623366e+00
2.7302894e+00
2.6597219e+00
2.4625610e+00
2.3399908e+00
2.4038664e+00
2.7441572e+00
3.1556980e+00
3.2255911e+00
2.8492019e+00
2.9523712e+00
2.7543587e+00
2.9474238e+00
3.3195518e+00
3.1182586e+00
2.6371113e+00
2.7957108e+00
2.7942043e+00
2.7382976e+00
2.9734325e+00
2.9467517e+00
3.1887221e+00
3.3337641e+00
2.9647962e+00
2.5689962e+00
2.3788579e+00
2.2314333e+00
2.2328682e+00
2.6298008e+00
2.1628191e+00
2.3242389e+00
2.2196769e+00
2.2225423e+00
1.8755730e+00
2.2830780e+00
2.1339722e+00
2.0744057e+00
1.8933349e+00
1.4303985e+00
1.3446827e+00
8.9299894e-01
4.0578044e-01
2.9323282e-01
4.3232655e-01
-6.2133512e-02
3.9869031e-01
3.1352551e-01
4.6824387e-01
2.7693449e-01
3.0645550e-01
6.2285374e-02
-1.1336670e-01
-2.7037169e-01
2.1093351e-01
6.1904676e-01
7.0017126e-01
9.7410888e-01
5.5511315e-01
2.1893784e-01
2.9895471e-01
2.7218244e-01
-1.7176543e-01
1.1605376e-01
-1.3945522e-01
-4.9333849e-01
-8.9565604e-01
-5.0966294e-01
-1.7789765e-01
-5.2899710e-01
-1.6007196e-01
-2.8080837e-01
-2.7202693e-01
-8.3313243e-02
-1.4646878e-01
2.4273727e-01
5.6056633e-01
9.7286804e-01
6.3533773e-01
1.1030168e+00
1.1823703e+00
1.4454186e+00
1.0415567e+00
1.3421287e+00
1.2310478e+00
1.2647823e+00
1.2693203e+00
1.1111325e+00
9.5637358e-01
8.9653550e-01
1.2016452e+00
1.4489740e+00
1.0950382e+00
7.0842645e-01
5.5105450e-01
7.4328553e-01
1.1726471e+00
1.2998239e+00
1.5878105e+00
1.0918946e+00
1.3532724e+00
1.0185814e+00
6.0128845e-01
1.2657223e-01
1.2229322e-01
-2.5108716e-01
-7.1631664e-01
-1.0154940e+00
-1.3241655e+00
-1.6530873e+00
-2.1459903e+00
-2.5437183e+00
-2.5609690e+00
-2.9880828e+00
-2.7745485e+00
-2.6195545e+00
-2.3042799e+00
-2.3391569e+00
-2.5635394e+00
-2.6634403e+00
-2.7559027e+00
-2.4872653e+00
-2.8150228e+00
-2.4454995e+00
-2.8295006e+00
-3.3171425e+00
-3.7983684e+00
-3.8263023e+00
-3.5823883e+00
-3.2830241e+00
-2.9570297e+00
-2.4977121e+00
-2.7611033e+00
-2.3420819e+00
-1.9874691e+00
-1.8424815e+00
-1.6636417e+00
-1.8404846e+00
-2.1750164e+00
-2.5053680e+00
-2.9018889e+00
-3.0123709e+00
-2.6588539e+00
-2.2542695e+00
-2.7246628e+00
-3.0445228e+00
-3.0614613e+00
-3.3748815e+00
-2.8768536e+00
-2.8858730e+00
-2.4447446e+00
-2.6461836e+00
-2.3071214e+00
-2.6221307e+00
-2.4592498e+00
-2.7189500e+00
-2.6151559e+00
-2.8393546e+00
-2.6642117e+00
-3.0602297e+00
-2.8447526e+00
-3.2795795e+00
-2.9490494e+00
-2.7128908e+00
-2.2878204e+00
-2.1714682e+00
-2.5146937e+00
-2.7796020e+00
-3.1064145e+00
-2.9205678e+00
-3.3029866e+00
-3.7207159e+00
-3.7823167e+00
-4.2539646e+00
-4.7520644e+00
-4.2561043e+00
-3.9281831e+00
-3.9821732e+00
-3.6481275e+00
-3.1948093e+00
-3.6819997e+00
-4.1025374e+00
-3.6243540e+00
-3.9403936e+00
-4.2983652e+00
-4.3672219e+00
-4.7719713e+00
-4.8436479e+00
-4.4544819e+00
-4.3496298e+00
-4.4045278e+00
-4.7406266e+00
-4.2477268e+00
-4.2066174e+00
-4.3171488e+00
-4.7775691e+00
-4.8589541e+00
-4.9903788e+00
-4.8596671e+00
-4.7018175e+00
-4.6270272e+00
-4.4336852e+00
-4.4858651e+00
-4.6771652e+00
-5.1135187e+00
-4.9950163e+00
-4.6182630e+00
-4.1751075e+00
-4.3435212e+00
-3.9942139e+00
-3.5309322e+00
-3.1434299e+00
-3.3972128e+00
-3.3725547e+00
-3.5152705e+00
-3.2817807e+00
-3.1848028e+00
-3.3570325e+00
-3.0154921e+00
-2.5281801e+00
-2.4488624e+00
-2.4179815e+00
-2.6301503e+00
-2.9876363e+00
-3.1582352e+00
-3.2115708e+00
-3.4622718e+00
-3.1680063e+00
-2.7799595e+00
-3.0764109e+00
-2.7288738e+00
-2.5201838e+00
-2.3668979e+00
-2.6192899e+00
-2.9986580e+00
-3.2415892e+00
-2.9635582e+00
-2.6579119e+00
-2.6140207e+00
-2.2881526e+00
-2.2243943e+00
-2.1760469e+00
-2.1224689e+00
-2.5146020e+00
-2.5595241e+00
-2.6222270e+00
-2.9982636e+00
-3.3891083e+00
-3.2272368e+00
-3.2077395e+00
-3.1247096e+00
-2.8752524e+00
-2.4366847e+00
-2.4019499e+00
-2.4963909e+00
-2.0072631e+00
-1.9751575e+00
-1.7952292e+00
-2.0563317e+00
-1.9465491e+00
-2.1026133e+00
-1.7774036e+00
-1.9710414e+00
-2.2480069e+00
-2.4742576e+00
-2.7345819e+00
-2.5917586e+00
-2.5981661e+00
-2.4821135e+00
-2.1380097e+00
-2.5605621e+00
-2.9657119e+00
-3.0940308e+00
-2.9830251e+00
-3.2498887e+00
-2.8905399e+00
-3.3346847e+00
-3.0770991e+00
-3.2083571e+00
-3.0494426e+00
-2.9029007e+00
-2.4611435e+00
-2.8771727e+00
-2.6674723e+00
-2.5852408e+00
-2.1116115e+00
-2.4977622e+00
-2.5955909e+00
-2.7872265e+00
-2.4808287e+00
-2.6109347e+00
-3.0223035e+00
-3.4433587e+00
-3.5496419e+00
-4.0294922e+00
-3.7177976e+00
-3.7082643e+00
-3.8819012e+00
-3.9014903e+00
-4.3336266e+00
-4.4698238e+00
-4.5639292e+00
-4.3930572e+00
-3.9153993e+00
-4.0325031e+00
-3.6731687e+00
-3.2379345e+00
-2.9713311e+00
-3.1988491e+00
-3.3349172e+00
-3.1966235e+00
-3.0187743e+00
-3.2918081e+00
-2.7962072e+00
-3.0062136e+00
-3.4707149e+00
-3.7332277e+00
-3.2830735e+00
-3.2724850e+00
-3.7054875e+00
-3.2702870e+00
-3.3009448e+00
-3.4293639e+00
-3.2343024e+00
-3.5231941e+00
-3.5740546e+00
-3.3147855e+00
-3.7034827e+00
-3.4774834e+00
-2.9983859e+00
-3.0862600e+00
-3.2299041e+00
-2.9066056e+00
-2.7861544e+00
-2.5387052e+00
-2.4956395e+00
-2.4355122e+00
-1.9482392e+00
-2.1538309e+00
-2.5977659e+00
-2.4180385e+00
-2.0414864e+00
-2.4016159e+00
-2.1060029e+00
-1.6175888e+00
-2.0144968e+00
-2.2250237e+00
-2.0299804e+00
-2.2316048e+00
-2.2414587e+00
-2.2521252e+00
-2.3478798e+00
-2.4941624e+00
-2.4794957e+00
-2.7686123e+00
-2.5882423e+00
-2.3056732e+00
-2.1745315e+00
-2.3819111e+00
-2.8479809e+00
-2.6827995e+00
-2.2600883e+00
-1.9780235e+00
-1.8858467e+00
-2.3002618e+00
-2.1721163e+00
-2.1441463e+00
-2.4443995e+00
-2.4336579e+00
-2.7682338e+00
-3.2464684e+00
-3.3333819e+00
-3.7333520e+00
-4.0292414e+00
-4.5016379e+00
-4.3243235e+00
-4.5279141e+00
-4.8642439e+00
-5.1107182e+00
-5.1683105e+00
-5.1461905e+00
-5.5295246e+00
-5.1208580e+00
-4.7867537e+00
-4.7006080e+00
-5.0261540e+00
-4.7294679e+00
-5.2238693e+00
-5.4646632e+00
-5.1537300e+00
-5.0413204e+00
-5.4058745e+00
-5.8412915e+00
-5.8301267e+00
-5.5618909e+00
-6.0553900e+00
-5.8511965e+00
-5.9172719e+00
-5.5502166e+00
-5.5574840e+00
-5.8086737e+00
-5.7715117e+00
-6.2574652e+00
-6.3542302e+00
-6.4096787e+00
-6.5634944e+00
-6.6130074e+00
-6.5962595e+00
-6.1521946e+00
-6.5717293e+00
-6.1778715e+00
-6.3825291e+00
-6.3657322e+00
-6.1029508e+00
-5.7534818e+00
-5.5811706e+00
-5.6621677e+00
-5.4731253e+00
-5.6387710e+00
-5.8310847e+00
-6.1451512e+00
-6.6371795e+00
-6.9478048e+00
-6.7012959e+00
-6.4133485e+00
-6.0721804e+00
-5.9070774e+00
-5.6404226e+00
-5.5795982e+00
-5.5239256e+00
-5.5894978e+00
-6.0595024e+00
-5.6981868e+00
-5.8223882e+00
-5.3899832e+00
-4.9192534e+00
-4.9818855e+00
-5.2934250e+00
-5.3313130e+00
-5.7965409e+00
-6.2078116e+00
-6.4028589e+00
-6.0695207e+00
-6.4487591e+00
-6.4884314e+00
-6.2846506e+00
-6.3680279e+00
-6.3802211e+00
-6.7269389e+00
-7.1396763e+00
-7.0117746e+00
-6.8158429e+00
-6.3628747e+00
-6.4499306e+00
-6.0493467e+00
-5.8007110e+00
-5.4950022e+00
-5.2198124e+00
-4.8502758e+00
-4.5110848e+00
-4.1455324e+00
-4.2591554e+00
-3.8512165e+00
-3.3735273e+00
-3.4913201e+00
-3.8434281e+00
-3.7196086e+00
-3.2583806e+00
-2.8366892e+00
-3.2403994e+00
-2.9798015e+00
-3.4553292e+00
-3.8165347e+00
-3.6306211e+00
-3.2791054e+00
-3.3185030e+00
-3.3538514e+00
-3.3299061e+00
-3.4302537e+00
-3.5047402e+00
-3.1691144e+00
-2.6693069e+00
-2.4329294e+00
-2.2378768e+00
-2.3718513e+00
-2.7885551e+00
-2.7115108e+00
-3.0291776e+00
-3.2357894e+00
-2.9752014e+00
-3.1853182e+00
-3.1711696e+00
-3.2114960e+00
-3.5366354e+00
-3.1280222e+00
-2.7414915e+00
-2.4733861e+00
-2.3734346e+00
-2.7652108e+00
-2.7984493e+00
-2.4160386e+00
-1.9648617e+00
-1.5916118e+00
-1.4415190e+00
-1.1412926e+00
-8.2554837e-01
-1.3198775e+00
-1.3187813e+00
-1.4918964e+00
-1.4136636e+00
-1.5452570e+00
-1.7052405e+00
-1.4071093e+00
-1.3091367e+00
-1.4969978e+00
-1.2603186e+00
-1.5283098e+00
-1.2637034e+00
-1.2323378e+00
-1.1335590e+00
-7.9753133e-01
-4.3649989e-01
-5.2852026e-01
-1.0153274e+00
-1.4988197e+00
-1.1874044e+00
-1.4372555e+00
-1.5271066e+00
-1.8070590e+00
-1.5346960e+00
-1.8392086e+00
-1.9864261e+00
-1.7406701e+00
-1.5254436e+00
-1.0845921e+00
-6.0041483e-01
-8.8777799e-01
-1.0571886e+00
-1.4243919e+00
-1.2871302e+00
-1.6184529e+00
-1.4472563e+00
-1.0135539e+00
-1.0734113e+00
-7.4165094e-01
-5.7782850e-01
-1.6863755e-01
-1.1829527e-02
-4.0001624e-01
-6.9583641e-01
-2.4169581e-01
-3.9766256e-01
-8.8315865e-01
-1.0277632e+00
-9.5962793e-01
-1.3496744e+00
-1.1318937e+00
-1.4145473e+00
-1.3702970e+00
-1.5779418e+00
-1.4465474e+00
-1.5785764e+00
-2.0764560e+00
-1.6977598e+00
-1.8635610e+00
-2.2875172e+00
-2.2960791e+00
-2.7406525e+00
-2.9102673e+00
-2.6829491e+00
-2.9806876e+00
-3.3823150e+00
-3.0705921e+00
-3.1239353e+00
-3.0880851e+00
-3.2866800e+00
-3.4134753e+00
-3.0527429e+00
-3.5311128e+00
-3.5005916e+00
-3.3207900e+00
-3.3976927e+00
-3.4421056e+00
-3.5090623e+00
-3.7706919e+00
-3.9868276e+00
-4.1232283e+00
-4.2964547e+00
-4.0368848e+00
-3.8088404e+00
-3.8749503e+00
-4.2348204e+00
-3.7712279e+00
-3.3424338e+00
-3.6677857e+00
-3.5521855e+00
-3.8967914e+00
-4.0051998e+00
-4.3159721e+00
-4.4905721e+00
-4.0589883e+00
-4.4530942e+00
-4.9062290e+00
-4.9774702e+00
-4.7441257e+00
-5.0949367e+00
-5.3761417e+00
-5.5454750e+00
-5.9245281e+00
-6.3121042e+00
-6.3567045e+00
-6.8063201e+00
-6.5412894e+00
-6.5752247e+00
-6.1477689e+00
-5.8095038e+00
-5.5745001e+00
-5.6070584e+00
-5.6440451e+00
-5.4315960e+00
-5.3147749e+00
-5.4946020e+00
-5.3677977e+00
-5.4229306e+00
-5.1513064e+00
-5.4804999e+00
-5.4850550e+00
-5.6130849e+00
-6.0032592e+00
-5.9731617e+00
-5.8554079e+00
-5.9116480e+00
-5.5862531e+00
-5.6168717e+00
-5.8285048e+00
-5.3335253e+00
-5.3652091e+00
-5.6419881e+00
-5.6093354e+00
-5.6647970e+00
-5.9584946e+00
-5.8476388e+00
-6.1451289e+00
-5.9490988e+00
-6.2490190e+00
-6.5744034e+00
-6.2273465e+00
-6.4682979e+00
-6.4874700e+00
-6.2680677e+00
-6.7586368e+00
-6.4162796e+00
-6.0038875e+00
-5.6454730e+00
-5.1728009e+00
-5.4555457e+00
-5.2666741e+00
-5.6906248e+00
-5.2139572e+00
-5.0020057e+00
-4.5054284e+00
-4.2691381e+00
-4.2236255e+00
-3.9257129e+00
-3.4396385e+00
-3.6908311e+00
-3.3103686e+00
-3.6663178e+00
-3.5982100e+00
-3.7055639e+00
-3.3034917e+00
-3.5920328e+00
-3.6594445e+00
-3.3706671e+00
-2.9531674e+00
-3.1458043e+00
-3.1371894e+00
-3.4533189e+00
-3.2987510e+00
-3.0509847e+00
-2.9525249e+00
-2.7709666e+00
-3.2304755e+00
-3.5038527e+00
-3.7464150e+00
-3.7714802e+00
-3.5995849e+00
-3.7226604e+00
-3.8549128e+00
-3.3836135e+00
-3.4759920e+00
-3.4328359e+00
-3.2867805e+00
-3.0128469e+00
-3.0024552e+00
-3.2104979e+00
-2.9275280e+00
-2.5823890e+00
-2.5915129e+00
-2.5350560e+00
-2.5603008e+00
-2.1579636e+00
-1.6733770e+00
-1.8130250e+00
-1.5560628e+00
-1.5906945e+00
-1.7800994e+00
-2.1040978e+00
-2.4789650e+00
-2.2647662e+00
-2.7218045e+00
-2.3999465e+00
-2.4214856e+00
-1.9597197e+00
-1.7152598e+00
-1.9525991e+00
-1.7118729e+00
-1.8132090e+00
-1.6970485e+00
-1.5835937e+00
-1.2863919e+00
-9.2664539e-01
-8.2290692e-01
-9.8645054e-01
-1.0177552e+00
-5.5667655e-01
-7.6480133e-02
-3.9607343e-01
-7.7338161e-01
-4.3793267e-01
-6.7690397e-01
-6.4408208e-01
-7.4253021e-01
-7.3622367e-01
-9.3748047e-01
-1.3870137e+00
-1.6232121e+00
-1.9956225e+00
-2.2988845e+00
-2.1083176e+00
-1.6266941e+00
-1.3474541e+00
-9.4662100e-01
-1.2251564e+00
-1.1593689e+00
-1.3984183e+00
-1.6421439e+00
-1.8927606e+00
-1.6833037e+00
-1.2456679e+00
-1.3303918e+00
-1.7491499e+00
-1.5931635e+00
-1.7550384e+00
-1.8753629e+00
-1.9060544e+00
-2.2028597e+00
-2.1919934e+00
-2.5699799e+00
-2.3031444e+00
-2.7958369e+00
-2.3904683e+00
-1.9075466e+00
-1.7649485e+00
-1.6223826e+00
-1.5927945e+00
-1.4823876e+00
-1.6244436e+00
-1.8363220e+00
-1.7275276e+00
-1.2484970e+00
-1.6468598e+00
-1.2150095e+00
-9.0597893e-01
-6.2060352e-01
-9.2570081e-01
-9.5705357e-01
-9.9635623e-01
-7.0663527e-01
-1.0468983e+00
-1.3959733e+00
-9.6065871e-01
-1.0012343e+00
-7.9728874e-01
-7.4420802e-01
-9.4702498e-01
-1.0807310e+00
-8.4078991e-01
-6.1055489e-01
-9.3328228e-01
-1.0528967e+00
-6.4315803e-01
-1.0595404e+00
-6.0027463e-01
-2.8083339e-01
-4.5071436e-01
-2.4557760e-01
-6.1091609e-02
-3.4563420e-01
-7.9228767e-01
-3.9361245e-01
-6.1773612e-02
2.5090761e-01
5.2665887e-01
7.0083556e-01
5.8737633e-01
7.6741796e-01
1.0007065e+00
1.0840825e+00
8.1443869e-01
9.1030458e-01
1.0432682e+00
1.2942197e+00
1.4206719e+00
1.4410433e+00
1.8785971e+00
1.8137777e+00
1.6707265e+00
1.7341321e+00
1.2452104e+00
1.5625554e+00
1.0638102e+00
1.5269567e+00
1.9298276e+00
1.6842257e+00
1.5164812e+00
1.7478920e+00
2.1332616e+00
2.2857375e+00
2.4568582e+00
1.9721553e+00
1.9102347e+00
1.8850814e+00
1.4096952e+00
1.4407262e+00
1.4533287e+00
1.6050982e+00
1.8367545e+00
2.0123173e+00
1.5146114e+00
1.1963510e+00
9.3864564e-01
1.4247765e+00
1.2192879e+00
9.1334010e-01
6.6184875e-01
2.0305317e-01
5.0406067e-01
2.4698258e-01
-1.1914771e-01
-3.6716860e-01
-7.6156948e-01
-8.3611866e-01
-9.5211231e-01
-1.3222736e+00
-1.3486221e+00
-1.2717560e+00
-1.3630328e+00
-1.6862423e+00
-2.0217451e+00
-1.8389733e+00
-1.9618949e+00
-1.9849767e+00
-1.9246063e+00
-1.7288600e+00
-2.2013445e+00
-2.2883148e+00
-1.9387252e+00
-1.8134897e+00
-1.4151773e+00
-1.1876699e+00
-1.0071202e+00
-1.3097225e+00
-1.6136914e+00
-1.4866940e+00
-1.6339960e+00
-1.4467945e+00
-1.4554325e+00
-1.5528137e+00
-1.0859544e+00
-8.9333997e-01
-8.9453531e-01
-5.0450772e-01
-8.6155163e-01
-8.4790300e-01
-9.5893380e-01
-9.0514261e-01
-1.2935465e+00
-1.4266757e+00
-1.3440814e+00
-1.6811368e+00
-1.2858208e+00
-1.4954876e+00
-1.8370022e+00
-1.6458789e+00
-1.8702755e+00
-1.8696235e+00
-1.7955065e+00
-1.5342257e+00
-1.0769921e+00
-1.3482873e+00
-1.0886951e+00
-9.5037270e-01
-1.2254460e+00
-8.1713757e-01
-1.1577787e+00
-1.1687340e+00
-1.2503601e+00
-1.3421059e+00
-1.6997810e+00
-1.3208295e+00
-1.0501320e+00
-1.4737683e+00
-9.8743555e-01
-7.9864050e-01
-9.4203024e-01
-1.1190995e+00
-1.1293835e+00
-1.5760548e+00
-1.4937984e+00
-1.6762468e+00
-1.7572449e+00
-1.6188298e+00
-2.0991303e+00
-2.2716727e+00
-1.9981367e+00
-1.5586899e+00
-1.2618460e+00
-1.1326338e+00
-8.6255826e-01
-1.3524251e+00
-1.4849644e+00
-1.9735848e+00
-1.7399373e+00
-1.2792494e+00
-1.6499627e+00
-1.4753635e+00
-1.4678390e+00
-1.1647136e+00
-8.9878379e-01
-5.2830751e-01
-4.2065766e-02
1.5353966e-01
4.2476360e-01
6.9944893e-01
5.7553097e-01
7.7972791e-01
9.5312481e-01
5.3352067e-01
5.2322644e-02
1.1829269e-01
5.2589056e-01
4.2997447e-01
2.5229894e-01
-1.9331966e-01
-2.9363292e-01
-1.5822316e-02
1.5002939e-01
1.2524482e-01
2.9463776e-01
2.2218157e-01
1.0617248e-01
2.2881518e-01
4.9237659e-01
1.8067881e-01
-3.2866365e-02
1.7811124e-01
-4.5896587e-02
3.9639276e-01
4.8893535e-01
8.2424120e-01
1.1852449e+00
1.4255756e+00
1.3168426e+00
1.6817464e+00
1.7806040e+00
1.2807433e+00
8.9877031e-01
1.1439801e+00
1.5239919e+00
1.9916481e+00
1.9054269e+00
2.3777874e+00
1.9741511e+00
2.0962519e+00
2.0640989e+00
2.5222348e+00
2.3749229e+00
2.0115209e+00
1.6438210e+00
1.7502962e+00
1.9059070e+00
2.0224547e+00
1.8002079e+00
1.8046561e+00
1.4509111e+00
1.1432931e+00
7.4293343e-01
1.0740263e+00
1.2200027e+00
1.2753583e+00
1.5571310e+00
1.0741271e+00
1.2973267e+00
1.6937316e+00
1.2995066e+00
9.7840813e-01
7.6109867e-01
1.1235379e+00
8.5502064e-01
9.0990491e-01
1.3448183e+00
1.7767650e+00
2.0604754e+00
2.3121232e+00
2.5316301e+00
2.4633825e+00
2.8982167e+00
2.7188651e+00
2.8646753e+00
3.2030900e+00
2.9106838e+00
2.6583662e+00
2.4717430e+00
2.8040018e+00
2.5594649e+00
2.1932889e+00
2.4799110e+00
2.2661426e+00
1.9686551e+00
2.1179593e+00
2.5015772e+00
2.1072751e+00
2.1949991e+00
2.6924048e+00
2.8954018e+00
3.3487597e+00
3.4534671e+00
3.7368879e+00
3.5147328e+00
3.1346417e+00
2.9937030e+00
2.6974272e+00
2.6168214e+00
2.3489836e+00
2.4331608e+00
2.2910456e+00
2.7707274e+00
2.7881103e+00
3.2550452e+00
3.6245302e+00
3.1843558e+00
3.4663752e+00
3.1876427e+00
3.6635213e+00
3.7359050e+00
3.3572984e+00
3.5657821e+00
3.1428216e+00
2.7536543e+00
2.3911579e+00
2.6446523e+00
2.4412484e+00
2.3200335e+00
2.2608823e+00
2.4030885e+00
2.2708103e+00
2.5787111e+00
2.4210294e+00
1.9578005e+00
1.8794563e+00
1.4515548e+00
1.7362006e+00
1.2757335e+00
1.1768160e+00
1.5491108e+00
2.0035635e+00
1.5477305e+00
1.1710970e+00
1.2638176e+00
1.7053722e+00
1.2495033e+00
1.4167258e+00
1.7317603e+00
2.2253215e+00
1.8477746e+00
2.2300635e+00
2.0951846e+00
2.2308132e+00
1.7818405e+00
1.7328261e+00
1.4719038e+00
1.7720125e+00
1.9529639e+00
1.6212676e+00
1.9710281e+00
1.5265273e+00
1.7685978e+00
2.0950903e+00
2.1057464e+00
2.4227582e+00
2.6149556e+00
3.0002558e+00
3.3742925e+00
3.2170920e+00
2.8578398e+00
2.5957637e+00
2.3575881e+00
1.9185563e+00
1.6269216e+00
1.7065518e+00
1.3978529e+00
1.1401712e+00
1.1217961e+00
1.1841239e+00
1.2441105e+00
1.3904511e+00
1.8027538e+00
2.2510202e+00
2.2875281e+00
2.2101912e+00
2.5324989e+00
2.6833464e+00
3.1640225e+00
3.3284565e+00
3.2828020e+00
3.5861178e+00
3.4407398e+00
3.5744200e+00
3.3270756e+00
2.8907120e+00
3.1934659e+00
3.1081071e+00
3.2120088e+00
3.7020214e+00
3.8247389e+00
4.2178077e+00
3.9298106e+00
4.2249033e+00
4.0625988e+00
4.2783698e+00
4.1914873e+00
4.1497722e+00
4.1407733e+00
3.6855764e+00
3.4663532e+00
3.1345780e+00
2.6970387e+00
2.3902700e+00
2.5247497e+00
2.3201750e+00
2.7200844e+00
2.2446622e+00
1.9940590e+00
2.3970257e+00
2.2335629e+00
2.6881105e+00
2.7436313e+00
2.9446585e+00
3.1937110e+00
3.4822645e+00
3.3550090e+00
2.9297848e+00
2.8075723e+00
2.7930758e+00
2.8789990e+00
2.5356082e+00
2.7370094e+00
2.9856144e+00
2.9103946e+00
2.9152587e+00
2.5833352e+00
2.5755672e+00
2.1613385e+00
2.2388549e+00
2.1821441e+00
2.6381645e+00
2.5825007e+00
2.7326228e+00
3.1456888e+00
3.5164908e+00
3.6031678e+00
3.3498474e+00
2.9079182e+00
2.9599782e+00
2.8297762e+00
3.0392272e+00
3.2154923e+00
3.4371326e+00
3.7141864e+00
3.4259667e+00
3.7097402e+00
3.8701030e+00
3.6380745e+00
4.0755996e+00
3.9754058e+00
3.6708743e+00
3.3522580e+00
3.2850496e+00
2.9358773e+00
3.1012563e+00
2.6279639e+00
2.3774917e+00
2.6952286e+00
3.1020846e+00
3.5791022e+00
4.0413749e+00
4.0264903e+00
4.5128692e+00
4.4078359e+00
4.4238872e+00
4.6045644e+00
4.2958151e+00
4.5501400e+00
4.3207008e+00
4.5121846e+00
4.8424888e+00
4.7996219e+00
5.1270858e+00
4.8841739e+00
5.2767966e+00
4.8368735e+00
4.4773290e+00
4.8714499e+00
4.8987722e+00
4.5946971e+00
4.8943829e+00
4.8504593e+00
4.9951206e+00
5.0181469e+00
4.9643448e+00
4.5606006e+00
5.0394034e+00
4.8478177e+00
4.6852821e+00
4.4202897e+00
4.7374023e+00
4.9929236e+00
4.8343650e+00
4.9816940e+00
4.6931861e+00
4.9955945e+00
4.9675051e+00
4.8914233e+00
5.3165787e+00
5.0970670e+00
5.3469858e+00
5.6344511e+00
5.2008370e+00
5.6166110e+00
5.9027942e+00
5.4953110e+00
5.8052117e+00
5.4080831e+00
5.2200639e+00
5.1362888e+00
5.0318848e+00
4.5484549e+00
4.1379534e+00
3.6793488e+00
3.7134113e+00
3.5858269e+00
3.5892726e+00
4.0215243e+00
3.6742067e+00
3.6885177e+00
3.9263973e+00
3.7125354e+00
3.7751947e+00
3.9685749e+00
3.5767826e+00
4.0518367e+00
4.0506007e+00
4.5051933e+00
4.1234292e+00
4.0278437e+00
4.4678743e+00
4.5526534e+00
4.6728553e+00
4.9304249e+00
5.3805507e+00
5.7158911e+00
5.8883791e+00
5.7320958e+00
5.6020941e+00
5.7455277e+00
6.0270934e+00
5.9635851e+00
5.5573809e+00
5.0720614e+00
5.4229681e+00
5.7607273e+00
5.7683046e+00
5.6803873e+00
5.3107036e+00
5.3208091e+00
5.0834873e+00
4.7116873e+00
4.3481851e+00
4.5835319e+00
4.7043509e+00
4.7478397e+00
4.4355667e+00
4.7543564e+00
4.6528459e+00
4.6838249e+00
5.0687453e+00
5.0698688e+00
4.7944247e+00
5.0961759e+00
5.0642841e+00
4.8774075e+00
4.5692995e+00
4.3277524e+00
4.6522108e+00
4.5370884e+00
4.2731954e+00
4.6306960e+00
4.6473232e+00
4.8048067e+00
4.4839367e+00
4.3602183e+00
4.2039987e+00
4.4501410e+00
4.7938528e+00
5.2418355e+00
4.8533488e+00
4.9354279e+00
4.6763984e+00
4.3654878e+00
4.4171517e+00
4.2000348e+00
4.6215973e+00
4.3735309e+00
4.7972645e+00
4.7174233e+00
4.3929701e+00
4.0255685e+00
3.6952151e+00
