1.0807536e-01
1.7657015e-01
-1.3366141e-01
-4.7891857e-02
3.0890153e-01
-1.1682216e-01
2.1601788e-01
-1.9523827e-01
-6.4916381e-02
-5.4049181e-01
-2.7334460e-01
-2.7668195e-01
-3.1338304e-01
-2.2864038e-01
1.0450600e-02
-3.8581198e-02
2.6267264e-01
6.6356740e-01
3.4958559e-01
2.3035474e-01
6.0231484e-01
2.6158887e-01
6.7917510e-01
6.6453888e-01
2.6182598e-01
-1.8187051e-02
4.7213020e-01
9.1151999e-01
1.3992223e+00
1.0194127e+00
6.7374972e-01
5.1833356e-01
7.5538074e-01
9.1557606e-01
7.3989795e-01
8.8970221e-01
4.1832049e-01
-1.4694488e-02
-2.2950725e-01
-5.1603605e-01
-4.3488914e-01
-4.4574217e-01
-3.2224097e-01
4.5809247e-02
4.9737683e-01
1.8557746e-01
-1.9562828e-01
2.6158812e-01
4.1787974e-01
7.9783183e-01
5.2523662e-01
7.7382357e-02
-2.9058901e-01
9.6320672e-02
3.4376484e-01
8.0544460e-01
3.3654773e-01
1.1189310e-01
2.0372337e-01
-1.3556237e-01
6.5319916e-02
2.3331696e-02
-1.3972435e-01
-3.5193907e-01
-3.4395262e-01
-5.9886864e-01
-5.4876165e-01
-4.3258321e-01
-2.4082079e-01
-5.3961060e-01
-6.8391800e-02
-7.7937771e-02
2.0156552e-01
-8.4319996e-02
-3.7822560e-01
-1.5890065e-01
-4.8341266e-01
-4.6150154e-01
-9.5967584e-01
-9.6682863e-01
-7.8648713e-01
-1.2147219e+00
-1.0322573e+00
-1.3118493e+00
-1.7952128e+00
-2.2478671e+00
-2.5553750e+00
-2.8135649e+00
-2.7494596e+00
-2.6943863e+00
-2.6966993e+00
-2.6515912e+00
-2.6420508e+00
-2.4208340e+00
-2.6687760e+00
-3.1118504e+00
-2.9030816e+00
-2.7632951e+00
-3.2187757e+00
-3.0730926e+00
-3.4409076e+00
-3.8477344e+00
-3.4746052e+00
-3.5356776e+00
-3.2078461e+00
-3.6660047e+00
-3.2195008e+00
-3.1179574e+00
-3.2206814e+00
-3.2277199e+00
-3.3783191e+00
-3.3608596e+00
-3.0206803e+00
-3.0703218e+00
-3.5533350e+00
-3.8651986e+00
-4.2083296e+00
-4.6960043e+00
-5.1098618e+00
-5.0339379e+00
-5.2281994e+00
-4.9108927e+00
-4.6955011e+00
-4.7856157e+00
-4.3419916e+00
-4.5079853e+00
-4.7239740e+00
-4.7509922e+00
-5.2068594e+00
-4.9010214e+00
-4.9849566e+00
-5.2397106e+00
-5.1349334e+00
-5.2788995e+00
-5.0378492e+00
-5.3351472e+00
-5.4124376e+00
-5.3147309e+00
-4.9517050e+00
-4.6762915e+00
-4.6559349e+00
-4.3071722e+00
-4.3049827e+00
-3.9713187e+00
-4.1688743e+00
-4.4956826e+00
-4.0346337e+00
-3.7916258e+00
-3.4154711e+00
-3.7518171e+00
-4.0976800e+00
-3.7939355e+00
-3.5368535e+00
-3.0866400e+00
-3.2134194e+00
-3.3627141e+00
-3.6776979e+00
-4.1135430e+00
-3.9258561e+00
-3.4865595e+00
-3.3412142e+00
-3.1705129e+00
-3.1312247e+00
-2.6820622e+00
-2.9915127e+00
-3.3689522e+00
-2.9700771e+00
-3.3657056e+00
-3.3747408e+00
-2.9098490e+00
-2.4593013e+00
-2.6043370e+00
-2.6920606e+00
-2.6053470e+00
-2.3330080e+00
-2.3722188e+00
-2.1989292e+00
-2.5316612e+00
-2.9522694e+00
-2.8660591e+00
-3.0659745e+00
-3.5181059e+00
-3.4148294e+00
-3.5411839e+00
-3.7584187e+00
-3.8716513e+00
-4.2463290e+00
-4.6528644e+00
-4.2373359e+00
-4.7021552e+00
-4.9128860e+00
-5.1696864e+00
-5.4491964e+00
-5.4641233e+00
-5.2362351e+00
-5.1136461e+00
-5.1893728e+00
-4.7243847e+00
-4.6631042e+00
-4.7209423e+00
-4.5275530e+00
-4.5182740e+00
-4.6083023e+00
-4.2446921e+00
-4.3741027e+00
-4.4486570e+00
-4.5762240e+00
-4.8659896e+00
-4.6916805e+00
-4.6002743e+00
-4.3590750e+00
-3.9868928e+00
-3.4924374e+00
-3.4107115e+00
-3.0538407e+00
-3.4604095e+00
-3.5034369e+00
-3.8100098e+00
-4.1504722e+00
-4.1953023e+00
-4.3165536e+00
-4.4002185e+00
-4.0678947e+00
-4.0819782e+00
-4.5041269e+00
-4.6702631e+00
-4.9081834e+00
-4.5099298e+00
-4.3127628e+00
-4.2755637e+00
-4.5084218e+00
-4.9577059e+00
-5.0492568e+00
-5.3170784e+00
-5.7731228e+00
-5.3201465e+00
-5.7554686e+00
-5.5236577e+00
-5.7286370e+00
-6.1394178e+00
-5.8453416e+00
-5.4475103e+00
-5.3795968e+00
-5.0140163e+00
-4.8705061e+00
-4.9093885e+00
-4.6732432e+00
-4.4260291e+00
-4.4671872e+00
-4.1377473e+00
-4.1693352e+00
-4.6266330e+00
-4.1637216e+00
-3.8828485e+00
-4.0979255e+00
-4.0642502e+00
-3.8826782e+00
-3.7712719e+00
-3.9483248e+00
-4.3857449e+00
-4.4876469e+00
-4.3576525e+00
-4.8310141e+00
-4.4845623e+00
-4.8731451e+00
-5.1061704e+00
-5.5785856e+00
-5.6755498e+00
-5.3006360e+00
-5.1838153e+00
-5.1053725e+00
-5.5326391e+00
-5.4658884e+00
-5.0896559e+00
-4.9186342e+00
-4.5144943e+00
-4.8717632e+00
-4.9487742e+00
-5.1072787e+00
-5.3025230e+00
-4.8970220e+00
-4.4477749e+00
-4.6976072e+00
-4.7169562e+00
-4.5554549e+00
-4.0731837e+00
-4.0087140e+00
-4.2071011e+00
-4.5346742e+00
-4.4477760e+00
-4.7536045e+00
-4.9764777e+00
-4.8415608e+00
-4.9749024e+00
-4.5169202e+00
-4.9159068e+00
-5.2612610e+00
-5.5172513e+00
-5.5542670e+00
-5.1256476e+00
-5.4952850e+00
-5.0656990e+00
-5.5547017e+00
-5.8010467e+00
-5.7424065e+00
-5.2859876e+00
-5.1301638e+00
-5.0361199e+00
-4.5499695e+00
-4.3199120e+00
-4.5338093e+00
-4.4476795e+00
-4.1341218e+00
-4.3449666e+00
-4.6605250e+00
-4.8929649e+00
-4.4615326e+00
-4.1728608e+00
-4.1467180e+00
-4.4297586e+00
-4.2082862e+00
-4.2441557e+00
-4.5574976e+00
-4.3550354e+00
-4.4868608e+00
-4.5714276e+00
-4.0734287e+00
-4.5599634e+00
-4.8585581e+00
-4.7322271e+00
-5.1649206e+00
-4.7274271e+00
-5.0257609e+00
-4.9487539e+00
-4.6047406e+00
-4.2306164e+00
-4.4833461e+00
-4.2507260e+00
-4.0615449e+00
-3.8813282e+00
-3.5205335e+00
-3.3784291e+00
-3.1471659e+00
-2.8486132e+00
-3.1211416e+00
-3.6162024e+00
-3.7965674e+00
-3.8468166e+00
-4.1721472e+00
-3.8376253e+00
-4.0100087e+00
-4.1720890e+00
-3.7100818e+00
-3.6651634e+00
-3.9516479e+00
-3.7908261e+00
-3.7845581e+00
-3.4141386e+00
-3.6448115e+00
-3.3054288e+00
-3.6194624e+00
-3.6592348e+00
-3.6133160e+00
-3.7026662e+00
-3.9683123e+00
-4.3886517e+00
-4.6389839e+00
-5.0925340e+00
-4.7473199e+00
-4.9831518e+00
-5.3200390e+00
-5.3176644e+00
-5.7959777e+00
-6.2384692e+00
-6.5775133e+00
-6.2570798e+00
-6.4117248e+00
-6.6224734e+00
-6.2968819e+00
-6.0164384e+00
-6.0816632e+00
-5.5920321e+00
-5.5138066e+00
-5.5029682e+00
-5.1247944e+00
-5.2898083e+00
-5.7678335e+00
-5.4326303e+00
-5.7705914e+00
-6.2068258e+00
-6.3910798e+00
-6.7621815e+00
-6.3042148e+00
-6.7200625e+00
-7.0999539e+00
-6.9580289e+00
-6.7951673e+00
-6.7392922e+00
-6.8423308e+00
-7.0133129e+00
-6.7600563e+00
-6.7059204e+00
-6.6076095e+00
-6.1908388e+00
-6.3224296e+00
-6.4471313e+00
-6.7257660e+00
-6.3691388e+00
-5.9332619e+00
-6.3386112e+00
-6.4340298e+00
-6.8140145e+00
-6.5636448e+00
-7.0325830e+00
-7.0065477e+00
-7.0713521e+00
-7.3268614e+00
-7.0749105e+00
-7.1067623e+00
-7.5578645e+00
-7.9519275e+00
-8.0295740e+00
-8.1565523e+00
-7.7937987e+00
-8.2616526e+00
-7.7633131e+00
-8.2155905e+00
-8.4360442e+00
-8.4809038e+00
-8.3059118e+00
-8.6967472e+00
-8.8370909e+00
-8.6406848e+00
-8.8342299e+00
-8.9721902e+00
-8.5707079e+00
-8.3015452e+00
-8.4307841e+00
-8.1622381e+00
-8.5911179e+00
-8.5012980e+00
-8.8816226e+00
-9.3166892e+00
-9.6037484e+00
-9.3774080e+00
-9.3095205e+00
-9.6565674e+00
-9.3429214e+00
-9.2666878e+00
-8.8356842e+00
-8.4270450e+00
-8.3675151e+00
-8.5275471e+00
-8.5979144e+00
-9.0889221e+00
-9.5567493e+00
-9.7079004e+00
-9.3821200e+00
-9.4144517e+00
-9.5390009e+00
-9.2773036e+00
-9.3210286e+00
-9.7454901e+00
-9.6744047e+00
-9.7086728e+00
-9.5854279e+00
-9.3092726e+00
-9.4304144e+00
-9.3226845e+00
-9.5532667e+00
-9.7492166e+00
-9.8297483e+00
-9.9922990e+00
-9.5233797e+00
-9.7308696e+00
-9.7842572e+00
-9.3026548e+00
-8.8674425e+00
-9.2111790e+00
-9.6645907e+00
-9.3796802e+00
-8.9540335e+00
-9.1647422e+00
-9.4560096e+00
-9.6006052e+00
-9.9710105e+00
-1.0189566e+01
-1.0612995e+01
-1.0221422e+01
-1.0338725e+01
-1.0235533e+01
-1.0454634e+01
-1.0264732e+01
-9.9419978e+00
-9.6462773e+00
-9.2726948e+00
-9.0408736e+00
-9.0635589e+00
-9.1939725e+00
-9.4290869e+00
-9.4142308e+00
-9.4998111e+00
-9.2286063e+00
-9.3666871e+00
-9.7352129e+00
-9.9687082e+00
-9.8460329e+00
-9.7411959e+00
-9.7314966e+00
-9.6413511e+00
-9.4770986e+00
-9.7775015e+00
-1.0165746e+01
-1.0269238e+01
-1.0767734e+01
-1.0730864e+01
-1.0550555e+01
-1.1038797e+01
-1.1422830e+01
-1.1002707e+01
-1.1290792e+01
-1.1148245e+01
-1.0949780e+01
-1.0538132e+01
-1.0730837e+01
-1.0736202e+01
-1.1183767e+01
-1.0804860e+01
-1.0757302e+01
-1.1082450e+01
-1.0595963e+01
-1.0832805e+01
-1.1184574e+01
-1.1476699e+01
-1.1668096e+01
-1.1649508e+01
-1.2035002e+01
-1.2302393e+01
-1.2580296e+01
-1.2465900e+01
-1.2771168e+01
-1.2641549e+01
-1.2681777e+01
-1.3124354e+01
-1.3564909e+01
-1.3196457e+01
-1.3324437e+01
-1.3306181e+01
-1.3313363e+01
-1.3584410e+01
-1.3807996e+01
-1.3386640e+01
-1.3220632e+01
-1.3379839e+01
-1.3565457e+01
-1.4003120e+01
-1.4073199e+01
-1.4383992e+01
-1.4530464e+01
-1.4382696e+01
-1.4451334e+01
-1.4261895e+01
-1.4352930e+01
-1.4452770e+01
-1.4443337e+01
-1.4569610e+01
-1.4960045e+01
-1.4746820e+01
-1.4432508e+01
-1.4220231e+01
-1.4653631e+01
-1.4613690e+01
-1.4335889e+01
-1.3975349e+01
-1.3564391e+01
-1.3754903e+01
-1.3258947e+01
-1.3373949e+01
-1.3362624e+01
-1.2982384e+01
-1.2865927e+01
-1.2542476e+01
-1.2405673e+01
-1.2895273e+01
-1.2707244e+01
-1.3165219e+01
-1.3590194e+01
-1.3504383e+01
-1.3994228e+01
-1.4265269e+01
-1.3874842e+01
-1.4264176e+01
-1.4594156e+01
-1.4942768e+01
-1.5355488e+01
-1.4991234e+01
-1.4708262e+01
-1.4941753e+01
-1.4680827e+01
-1.4216911e+01
-1.4282179e+01
-1.4087396e+01
-1.3723622e+01
-1.3550670e+01
-1.3153264e+01
-1.3365789e+01
-1.3739426e+01
-1.4077230e+01
-1.4300935e+01
-1.4288968e+01
-1.4021205e+01
-1.4480579e+01
-1.4745778e+01
-1.4480588e+01
-1.4919989e+01
-1.5208386e+01
-1.5227901e+01
-1.5647798e+01
-1.5782348e+01
-1.5816038e+01
-1.6104002e+01
-1.5840273e+01
-1.5646000e+01
-1.5626233e+01
-1.5288945e+01
-1.4835797e+01
-1.4505419e+01
-1.4850777e+01
-1.4634260e+01
-1.4426928e+01
-1.4522975e+01
-1.4307879e+01
-1.4535637e+01
-1.4890827e+01
-1.4823693e+01
-1.4511654e+01
-1.4189735e+01
-1.4258675e+01
-1.4227462e+01
-1.4365525e+01
-1.4580099e+01
-1.4321361e+01
-1.4227220e+01
-1.4393211e+01
-1.3899120e+01
-1.4308576e+01
-1.4009015e+01
-1.3870755e+01
-1.4240432e+01
-1.3869699e+01
-1.3611420e+01
-1.3658453e+01
-1.3253113e+01
-1.2847534e+01
-1.2864076e+01
-1.2584364e+01
-1.2218261e+01
-1.2366282e+01
-1.1898087e+01
-1.2142712e+01
-1.2411939e+01
-1.1985073e+01
-1.1960341e+01
-1.1739721e+01
-1.1336871e+01
-1.1363717e+01
-1.1424438e+01
-1.1831494e+01
-1.2265355e+01
-1.1806916e+01
-1.1952823e+01
-1.2303917e+01
-1.2468108e+01
-1.2881794e+01
-1.2809349e+01
-1.3078703e+01
-1.3058319e+01
-1.3053511e+01
-1.2889209e+01
-1.2605540e+01
-1.2450697e+01
-1.2135547e+01
-1.2054714e+01
-1.2158535e+01
-1.2288900e+01
-1.2255013e+01
-1.2009672e+01
-1.1593922e+01
-1.1916522e+01
-1.2328858e+01
-1.2495389e+01
-1.2097729e+01
-1.2272851e+01
-1.2001178e+01
-1.1812187e+01
-1.1422416e+01
-1.1277828e+01
-1.1535910e+01
-1.1366511e+01
-1.1357328e+01
-1.1309330e+01
-1.1369536e+01
-1.1451691e+01
-1.1088585e+01
-1.1288640e+01
-1.1185162e+01
-1.1665435e+01
-1.1243481e+01
-1.1320317e+01
-1.0861202e+01
-1.0593368e+01
-1.0594077e+01
-1.0826853e+01
-1.1112301e+01
-1.0677520e+01
-1.1112276e+01
-1.1263809e+01
-1.1690177e+01
-1.1905143e+01
-1.1698080e+01
-1.1404312e+01
-1.1258222e+01
-1.1552516e+01
-1.1081267e+01
-1.1376519e+01
-1.1739214e+01
-1.2220732e+01
-1.2331036e+01
-1.1929611e+01
-1.2305956e+01
-1.2351449e+01
-1.2757663e+01
-1.2514025e+01
-1.2059932e+01
-1.2444339e+01
-1.2619690e+01
-1.2781215e+01
-1.2810023e+01
-1.3165935e+01
-1.2943690e+01
-1.2941614e+01
-1.2460199e+01
-1.2249237e+01
-1.2024482e+01
-1.2244036e+01
-1.2246228e+01
-1.1887923e+01
-1.1863621e+01
-1.1502653e+01
-1.1109897e+01
-1.1486851e+01
-1.1622371e+01
-1.1586542e+01
-1.1795059e+01
-1.1843534e+01
-1.2106180e+01
-1.1636436e+01
-1.1215142e+01
-1.1218219e+01
-1.1664743e+01
-1.2016370e+01
-1.2307946e+01
-1.2610619e+01
-1.2430988e+01
-1.2159666e+01
-1.1879149e+01
-1.1861323e+01
-1.2278344e+01
-1.2709609e+01
-1.2543334e+01
-1.2371908e+01
-1.1965581e+01
-1.2401137e+01
-1.1901409e+01
-1.1573267e+01
-1.1490351e+01
-1.1309510e+01
-1.1246320e+01
-1.1246262e+01
-1.0830238e+01
-1.0407633e+01
-1.0535307e+01
-1.0948921e+01
-1.1160571e+01
-1.0929007e+01
-1.1011410e+01
-1.1068312e+01
-1.1145572e+01
-1.0724157e+01
-1.0555114e+01
-1.0526490e+01
-1.0565234e+01
-1.0827529e+01
-1.1175498e+01
-1.1530580e+01
-1.1238214e+01
-1.1420559e+01
-1.1446095e+01
-1.1708674e+01
-1.2137813e+01
-1.1681064e+01
-1.2095372e+01
-1.2191055e+01
-1.2108891e+01
-1.1622688e+01
-1.1515813e+01
-1.1894655e+01
-1.1433587e+01
-1.1774666e+01
-1.1762032e+01
-1.1992321e+01
-1.2121578e+01
-1.2362329e+01
-1.2137223e+01
-1.2335124e+01
-1.2466603e+01
-1.2763608e+01
-1.2651880e+01
-1.2522971e+01
-1.2995528e+01
-1.3082209e+01
-1.2736920e+01
-1.2304616e+01
-1.2457749e+01
-1.2594771e+01
-1.2741095e+01
-1.2624498e+01
-1.3118758e+01
-1.3384061e+01
-1.3522008e+01
-1.3762066e+01
-1.3802030e+01
-1.3649677e+01
-1.3697928e+01
-1.4194548e+01
-1.4269314e+01
-1.4317897e+01
-1.3858337e+01
-1.4135964e+01
-1.3835448e+01
-1.3596589e+01
-1.3748975e+01
-1.3949537e+01
-1.4294154e+01
-1.4679768e+01
-1.4395563e+01
-1.4650299e+01
-1.4458826e+01
-1.4282170e+01
-1.3901886e+01
-1.3905294e+01
-1.4197657e+01
-1.4565225e+01
-1.4600948e+01
-1.4700243e+01
-1.5123276e+01
-1.5057146e+01
-1.5212526e+01
-1.5089611e+01
-1.4682255e+01
-1.5106424e+01
-1.4826433e+01
-1.5161686e+01
-1.5454963e+01
-1.5235079e+01
-1.5056682e+01
-1.4997108e+01
-1.5116830e+01
-1.5257097e+01
-1.4847363e+01
-1.5021900e+01
-1.5189566e+01
-1.4915986e+01
-1.5280440e+01
-1.4838850e+01
-1.4526466e+01
-1.4344135e+01
-1.4432928e+01
-1.4056477e+01
-1.4452309e+01
-1.4834397e+01
-1.5122180e+01
-1.5499918e+01
-1.5829374e+01
-1.5768172e+01
-1.6193976e+01
-1.6071038e+01
-1.5766572e+01
-1.5704376e+01
-1.5403951e+01
-1.5144299e+01
-1.5540977e+01
-1.5917319e+01
-1.5920532e+01
-1.5521985e+01
-1.5315790e+01
-1.5638154e+01
-1.5246511e+01
-1.5573297e+01
-1.5558062e+01
-1.5556546e+01
-1.5912333e+01
-1.5631026e+01
-1.5471875e+01
-1.5114132e+01
-1.5049726e+01
-1.5343305e+01
-1.5321896e+01
-1.5517627e+01
-1.5449863e+01
-1.5198273e+01
-1.4885065e+01
-1.4893144e+01
-1.4945801e+01
-1.4885721e+01
-1.5043372e+01
-1.5208631e+01
-1.5122952e+01
-1.4816844e+01
-1.4720948e+01
-1.4730133e+01
-1.5206443e+01
-1.5252448e+01
-1.4975154e+01
-1.5402240e+01
-1.5843844e+01
-1.5936929e+01
-1.5701365e+01
-1.5420393e+01
-1.5901035e+01
-1.5401631e+01
-1.5201381e+01
-1.5268726e+01
-1.5111512e+01
-1.5088780e+01
-1.5247233e+01
-1.5333279e+01
-1.5736255e+01
-1.5776066e+01
-1.5447493e+01
-1.4981512e+01
-1.4689397e+01
-1.4986115e+01
-1.4871125e+01
-1.4660498e+01
-1.4326748e+01
-1.4465186e+01
-1.4290471e+01
-1.4254635e+01
-1.4059045e+01
-1.3999821e+01
-1.3920400e+01
-1.4355697e+01
-1.4505069e+01
-1.4761723e+01
-1.4778303e+01
-1.4920871e+01
-1.5031256e+01
-1.5087464e+01
-1.5377182e+01
-1.5266440e+01
-1.4771589e+01
-1.4838665e+01
-1.4640756e+01
-1.4198642e+01
-1.4557153e+01
-1.4468485e+01
-1.4288071e+01
-1.4680772e+01
-1.4441541e+01
-1.4635941e+01
-1.4845409e+01
-1.4434434e+01
-1.4424168e+01
-1.4190737e+01
-1.3730147e+01
-1.3639326e+01
-1.3976716e+01
-1.3921619e+01
-1.4382060e+01
-1.4496655e+01
-1.4827110e+01
-1.4463178e+01
-1.4383974e+01
-1.3988124e+01
-1.4127774e+01
-1.4483486e+01
-1.4069651e+01
-1.4272247e+01
-1.4488314e+01
-1.4568546e+01
-1.4240914e+01
-1.3924987e+01
-1.4410682e+01
-1.4096457e+01
-1.4497628e+01
-1.4116052e+01
-1.4149604e+01
-1.4649207e+01
-1.4703059e+01
-1.4584259e+01
-1.4160094e+01
-1.4061851e+01
-1.4210896e+01
-1.4376004e+01
-1.4024603e+01
-1.3795391e+01
-1.3953089e+01
-1.3763070e+01
-1.3732876e+01
-1.3904214e+01
-1.3851185e+01
-1.3380863e+01
-1.3394052e+01
-1.3261810e+01
-1.2884727e+01
-1.2566005e+01
-1.2838858e+01
-1.2417658e+01
-1.2647225e+01
-1.3102474e+01
-1.3132263e+01
-1.3530820e+01
-1.3491648e+01
-1.3919312e+01
-1.4150863e+01
-1.3980765e+01
-1.3648673e+01
-1.3504856e+01
-1.3520756e+01
-1.3716173e+01
-1.3827675e+01
-1.3939825e+01
-1.4416357e+01
-1.3970928e+01
-1.4044452e+01
-1.4222418e+01
-1.4581078e+01
-1.4341923e+01
-1.4434361e+01
-1.4451866e+01
-1.4942299e+01
-1.4442336e+01
-1.4139073e+01
-1.3660374e+01
-1.3826256e+01
-1.3967557e+01
-1.3747693e+01
-1.3405712e+01
-1.3575242e+01
-1.3166449e+01
-1.2978768e+01
-1.3365546e+01
-1.3572309e+01
-1.3264011e+01
-1.2913383e+01
-1.2696680e+01
-1.3087415e+01
-1.2929144e+01
-1.3098406e+01
-1.3563306e+01
-1.3095117e+01
-1.3556713e+01
-1.4035739e+01
-1.4407721e+01
-1.4896071e+01
-1.5227298e+01
-1.5726127e+01
-1.5549945e+01
-1.5424856e+01
-1.5689108e+01
-1.5351903e+01
-1.5120165e+01
-1.5122321e+01
-1.5325466e+01
-1.5604004e+01
-1.5267932e+01
-1.5464569e+01
-1.5831735e+01
-1.5526647e+01
-1.5358056e+01
-1.5212045e+01
-1.5241480e+01
-1.4848663e+01
-1.5208704e+01
-1.5215171e+01
-1.5040640e+01
-1.4815987e+01
-1.4867700e+01
-1.4718376e+01
-1.4499022e+01
-1.4433320e+01
-1.4213099e+01
-1.3878261e+01
-1.3530189e+01
-1.3364417e+01
-1.3494319e+01
-1.3633758e+01
-1.3778304e+01
-1.3290796e+01
-1.3741998e+01
-1.3477061e+01
-1.3551882e+01
-1.3297075e+01
-1.3690846e+01
-1.3598624e+01
-1.4080931e+01
-1.4456713e+01
-1.4223019e+01
-1.4256768e+01
-1.3903229e+01
-1.3877634e+01
-1.3778626e+01
-1.3971520e+01
-1.4377464e+01
-1.3879420e+01
-1.3897747e+01
-1.3410792e+01
-1.3179531e+01
-1.3560075e+01
-1.3996378e+01
-1.3929915e+01
-1.4171370e+01
-1.4201183e+01
-1.3796062e+01
-1.4043519e+01
-1.3687789e+01
-1.3788436e+01
-1.4110347e+01
-1.4396507e+01
-1.4712928e+01
-1.5137224e+01
-1.5430733e+01
-1.5749667e+01
-1.5931733e+01
-1.5933659e+01
-1.5683692e+01
-1.5703223e+01
-1.5695730e+01
-1.5266087e+01
-1.5263915e+01
-1.5565269e+01
-1.5522746e+01
-1.5490254e+01
-1.5761546e+01
-1.5892664e+01
-1.5433545e+01
-1.5507246e+01
-1.5757202e+01
-1.6046980e+01
-1.6040069e+01
-1.6015540e+01
-1.5695315e+01
-1.5777509e+01
-1.6200009e+01
-1.5759784e+01
-1.5908851e+01
-1.6323704e+01
-1.6462556e+01
-1.6133568e+01
-1.6404448e+01
-1.6234647e+01
-1.5901981e+01
-1.6178321e+01
-1.6637258e+01
-1.6239867e+01
-1.6395010e+01
-1.6117564e+01
-1.5745274e+01
-1.5817241e+01
-1.5386933e+01
-1.4974585e+01
-1.4887964e+01
-1.4930550e+01
-1.4799432e+01
-1.4952821e+01
-1.4612993e+01
-1.4767764e+01
-1.5019701e+01
-1.4611509e+01
-1.4308435e+01
-1.4799310e+01
-1.4756875e+01
-1.4905038e+01
-1.4553015e+01
-1.5000468e+01
-1.5325364e+01
-1.5548429e+01
-1.5616242e+01
-1.5301640e+01
-1.5225510e+01
-1.5201410e+01
-1.5417287e+01
-1.5412606e+01
-1.5565215e+01
-1.5626184e+01
-1.5650316e+01
-1.5507965e+01
-1.5891675e+01
-1.5851997e+01
-1.5749225e+01
-1.5376604e+01
-1.5225474e+01
-1.4939532e+01
-1.4692793e+01
-1.4934598e+01
-1.4722435e+01
-1.4425325e+01
-1.4698758e+01
-1.4506962e+01
-1.4409046e+01
-1.3973907e+01
-1.4115981e+01
-1.4551031e+01
-1.4258571e+01
-1.4114954e+01
-1.3856600e+01
-1.4256223e+01
-1.4327498e+01
-1.4814599e+01
-1.4550361e+01
-1.4194323e+01
-1.4158844e+01
-1.3715651e+01
-1.3257750e+01
-1.3244759e+01
-1.3406744e+01
-1.3748582e+01
-1.4039929e+01
-1.4463707e+01
-1.4790301e+01
-1.4926878e+01
-1.4660557e+01
-1.4766640e+01
-1.4462090e+01
-1.4000879e+01
-1.3948449e+01
-1.3632351e+01
-1.3810264e+01
-1.3708309e+01
-1.3382070e+01
-1.3540376e+01
-1.3751700e+01
-1.3359377e+01
-1.3226143e+01
-1.2806533e+01
-1.2730961e+01
-1.2396440e+01
-1.1983145e+01
-1.2108052e+01
-1.2079570e+01
-1.2569008e+01
-1.2922830e+01
-1.2486549e+01
-1.2319427e+01
-1.2480710e+01
-1.2639675e+01
-1.2283815e+01
-1.1888416e+01
-1.1425361e+01
-1.0971433e+01
-1.0661585e+01
-1.0450762e+01
-1.0193170e+01
-1.0276701e+01
-1.0740224e+01
-1.0418372e+01
-1.0675438e+01
-1.0195241e+01
-1.0363104e+01
-1.0174020e+01
-1.0461401e+01
-1.0465902e+01
-1.0040735e+01
-9.9300407e+00
-1.0215362e+01
-1.0250439e+01
-9.9729526e+00
-9.6300913e+00
-1.0057110e+01
-1.0475923e+01
-1.0772267e+01
-1.0513024e+01
-1.0781257e+01
-1.1055072e+01
-1.0808413e+01
-1.0662084e+01
-1.1155476e+01
-1.1463839e+01
-1.1083524e+01
-1.0766265e+01
-1.0750546e+01
-1.0309447e+01
-1.0575655e+01
-1.0722618e+01
-1.0422509e+01
-1.0818695e+01
-1.0518963e+01
-1.0251664e+01
-1.0203465e+01
-1.0064589e+01
-9.5850790e+00
-9.5359198e+00
-9.4235624e+00
-9.2308293e+00
-9.3862637e+00
-9.1842601e+00
-9.6697267e+00
-9.6403647e+00
-9.2217516e+00
-9.6349055e+00
-9.2151900e+00
-8.8787290e+00
-8.6329959e+00
-8.8058409e+00
-9.0179306e+00
-9.5054530e+00
-9.4150677e+00
-9.4134155e+00
-9.5806972e+00
-9.1397768e+00
-9.4180776e+00
-8.9735828e+00
-9.3923700e+00
-9.1408736e+00
-9.0436050e+00
-9.0241456e+00
-8.9167475e+00
-8.6157411e+00
-8.7869159e+00
-8.9428054e+00
-8.8938033e+00
-9.0462641e+00
-8.7181342e+00
-9.1674337e+00
-9.4640877e+00
-9.8986194e+00
-9.8911165e+00
-9.9940196e+00
-9.8705565e+00
-9.8765091e+00
-9.6816757e+00
-9.7768949e+00
-9.6775330e+00
-1.0138987e+01
-1.0573751e+01
-1.0717621e+01
-1.0285858e+01
-1.0017316e+01
-1.0306757e+01
-1.0504882e+01
-1.0535165e+01
-1.1022430e+01
-1.1400218e+01
-1.1818288e+01
-1.1599475e+01
-1.1704819e+01
-1.2016159e+01
-1.2504264e+01
-1.2978526e+01
-1.2585986e+01
-1.2248236e+01
-1.2242285e+01
-1.2408615e+01
-1.2724011e+01
-1.2841330e+01
-1.2433930e+01
-1.2413901e+01
-1.2141267e+01
-1.2636005e+01
-1.2623186e+01
-1.2798123e+01
-1.2787330e+01
-1.2968268e+01
-1.3432902e+01
-1.3333301e+01
-1.3462684e+01
-1.3528880e+01
-1.3543994e+01
-1.3706892e+01
-1.3530995e+01
-1.3551743e+01
-1.3328855e+01
-1.3474705e+01
-1.3533949e+01
-1.3513059e+01
-1.3419033e+01
-1.2957245e+01
-1.3083461e+01
-1.2997466e+01
-1.3210138e+01
-1.2792601e+01
-1.2799066e+01
-1.2946123e+01
-1.2533469e+01
-1.2211314e+01
-1.1782927e+01
-1.2079813e+01
-1.1687844e+01
-1.1827907e+01
-1.1554486e+01
-1.1277236e+01
-1.1568882e+01
-1.1400015e+01
-1.1818700e+01
-1.1479414e+01
-1.1937109e+01
-1.1480139e+01
-1.1537190e+01
-1.1388425e+01
-1.1861605e+01
-1.1539076e+01
-1.1634991e+01
-1.1689014e+01
-1.1784468e+01
-1.1624329e+01
-1.1838069e+01
-1.2299225e+01
-1.2646742e+01
-1.2692566e+01
-1.2554271e+01
-1.2297388e+01
-1.2242944e+01
-1.1998708e+01
-1.2358585e+01
-1.2803501e+01
-1.3105966e+01
-1.2892852e+01
-1.2890954e+01
-1.2504434e+01
-1.2815148e+01
-1.2965150e+01
-1.2798113e+01
-1.2881894e+01
-1.3078115e+01
-1.2803857e+01
-1.3051770e+01
-1.3096945e+01
-1.3133144e+01
-1.3579107e+01
-1.3432104e+01
-1.3218929e+01
-1.3469566e+01
-1.3751479e+01
-1.3423143e+01
-1.3332597e+01
-1.3053279e+01
-1.2657256e+01
-1.2808473e+01
-1.3054040e+01
-1.2767734e+01
-1.3253379e+01
-1.2799358e+01
-1.2896842e+01
-1.2867667e+01
-1.2682912e+01
-1.2427104e+01
-1.2715742e+01
-1.2861897e+01
-1.2586195e+01
-1.2819486e+01
-1.3273472e+01
-1.2856861e+01
-1.2946776e+01
-1.3125266e+01
-1.3110839e+01
-1.3406477e+01
-1.3147506e+01
-1.3253569e+01
-1.3118739e+01
-1.3587455e+01
-1.3419042e+01
-1.2965709e+01
-1.3095728e+01
-1.3300112e+01
-1.3445738e+01
-1.3569843e+01
-1.3524193e+01
-1.3737992e+01
-1.3242552e+01
-1.3604171e+01
-1.3734299e+01
-1.3930829e+01
-1.3718400e+01
-1.3679059e+01
-1.3272425e+01
-1.2993159e+01
-1.3227786e+01
-1.3535581e+01
-1.3276933e+01
-1.3384201e+01
-1.2910763e+01
-1.2808690e+01
-1.2417462e+01
-1.2235044e+01
-1.1974536e+01
-1.1548186e+01
-1.2039984e+01
-1.2266875e+01
-1.2488151e+01
-1.2273489e+01
-1.2349491e+01
-1.2771998e+01
-1.2765588e+01
-1.2399348e+01
-1.2375800e+01
-1.2224048e+01
-1.2428686e+01
-1.2112094e+01
-1.2094241e+01
-1.2147238e+01
-1.2359997e+01
-1.1860479e+01
-1.2288216e+01
-1.2758587e+01
-1.2930731e+01
-1.3238162e+01
-1.2814434e+01
-1.3014902e+01
-1.3281311e+01
-1.3163584e+01
-1.3021399e+01
-1.3096647e+01
-1.3058108e+01
-1.3465982e+01
-1.3005436e+01
-1.3138691e+01
-1.3393809e+01
-1.3813877e+01
-1.4088626e+01
-1.4094465e+01
-1.3909344e+01
-1.3675469e+01
-1.3799147e+01
-1.3747309e+01
-1.4177053e+01
-1.4416303e+01
-1.4423389e+01
-1.4516319e+01
-1.4238271e+01
-1.4416994e+01
-1.4058678e+01
-1.3640786e+01
-1.3220890e+01
-1.3647584e+01
-1.3927174e+01
-1.4216539e+01
-1.4086625e+01
-1.4391415e+01
-1.4364112e+01
-1.4344213e+01
-1.4142401e+01
-1.4055059e+01
-1.4108739e+01
-1.4302004e+01
-1.3991680e+01
-1.4443227e+01
-1.4887776e+01
-1.4822409e+01
-1.4655818e+01
-1.4429866e+01
-1.4407940e+01
-1.4303564e+01
-1.4274504e+01
-1.3906459e+01
-1.4149364e+01
-1.3857415e+01
-1.3995036e+01
-1.3653999e+01
-1.3791173e+01
-1.4081110e+01
-1.4189339e+01
-1.4179910e+01
-1.4031012e+01
-1.3931711e+01
-1.4386742e+01
-1.4535225e+01
-1.4869700e+01
-1.5150856e+01
-1.5381177e+01
-1.5309349e+01
-1.5784374e+01
-1.6270554e+01
-1.6190816e+01
-1.6041896e+01
-1.5753291e+01
-1.5515606e+01
-1.5784391e+01
-1.5566428e+01
-1.5103857e+01
-1.5202200e+01
-1.5033165e+01
-1.5288081e+01
-1.5339416e+01
-1.4956042e+01
-1.4702156e+01
-1.4842716e+01
-1.4980894e+01
-1.5208390e+01
-1.4800293e+01
-1.4310028e+01
-1.3957773e+01
-1.3764737e+01
-1.4057692e+01
-1.3907150e+01
-1.3522900e+01
-1.3673432e+01
-1.3495713e+01
-1.3642838e+01
-1.3580938e+01
-1.3419066e+01
-1.3726259e+01
-1.3981121e+01
-1.3870122e+01
-1.3751881e+01
-1.3703770e+01
-1.4101427e+01
-1.4098109e+01
-1.4136771e+01
-1.4511517e+01
-1.4436009e+01
-1.3957407e+01
-1.4310873e+01
-1.4280637e+01
-1.4155447e+01
-1.4524688e+01
-1.4197770e+01
-1.3988051e+01
-1.3637719e+01
-1.3387720e+01
-1.3051261e+01
-1.2556336e+01
-1.2545177e+01
-1.2369025e+01
-1.2859968e+01
-1.2397590e+01
-1.2518105e+01
-1.2213014e+01
-1.2335019e+01
-1.1907590e+01
-1.1587824e+01
-1.1937342e+01
-1.1714256e+01
-1.2184644e+01
-1.2158979e+01
-1.1734766e+01
-1.1558579e+01
-1.1667282e+01
-1.1431493e+01
-1.1135535e+01
-1.0882705e+01
-1.1304537e+01
-1.1450323e+01
-1.1219330e+01
-1.0868121e+01
-1.0897937e+01
-1.1304725e+01
-1.0973481e+01
-1.0649458e+01
-1.0530723e+01
-1.0304705e+01
-9.9003346e+00
-1.0073649e+01
-1.0038779e+01
-9.6505275e+00
-9.8060059e+00
-1.0267013e+01
-1.0013617e+01
-9.9730607e+00
-1.0241192e+01
-1.0028649e+01
-9.8171803e+00
-9.8803477e+00
-1.0230092e+01
-1.0352680e+01
-1.0088201e+01
-1.0184707e+01
-1.0349353e+01
-9.9674599e+00
-1.0322202e+01
-1.0173187e+01
-1.0554277e+01
-1.1029913e+01
-1.0705739e+01
-1.0775688e+01
-1.0822457e+01
-1.1049699e+01
-1.1544352e+01
-1.2005124e+01
-1.1526308e+01
-1.1784815e+01
-1.2284424e+01
-1.2710955e+01
-1.2441354e+01
-1.2146669e+01
-1.2173612e+01
-1.1682793e+01
-1.1919673e+01
-1.1947363e+01
-1.1650585e+01
-1.1960954e+01
-1.2168631e+01
-1.1899860e+01
-1.1894451e+01
-1.1734873e+01
-1.2197388e+01
-1.2049091e+01
-1.2013774e+01
-1.1917701e+01
-1.1876967e+01
-1.1759133e+01
-1.1496092e+01
-1.1011097e+01
-1.0760430e+01
-1.1005421e+01
-1.0911385e+01
-1.1201499e+01
-1.1063073e+01
-1.0651917e+01
-1.0282745e+01
-1.0078416e+01
-1.0177937e+01
-9.6786089e+00
-9.6984533e+00
-9.2966322e+00
-9.4527780e+00
-9.9411731e+00
-1.0434572e+01
-1.0289734e+01
-9.8875049e+00
-1.0145426e+01
-1.0077548e+01
-9.8546939e+00
-1.0204521e+01
-9.9004333e+00
-9.7272270e+00
-9.2963307e+00
-9.0975133e+00
-9.2900702e+00
-9.5927594e+00
-9.1670445e+00
-9.4903631e+00
-9.0312096e+00
-9.4472117e+00
-9.4106697e+00
-9.8301731e+00
-1.0040713e+01
-1.0112543e+01
-1.0340030e+01
-1.0464461e+01
-1.0255507e+01
-1.0002025e+01
-1.0067284e+01
-9.7239144e+00
-1.0021083e+01
-9.6918907e+00
-9.4703159e+00
-9.7004132e+00
-9.2393554e+00
-8.8676513e+00
-9.1664527e+00
-8.8176846e+00
-8.4090662e+00
-8.4380345e+00
-8.3922562e+00
-7.9826365e+00
-7.9305671e+00
-7.5421781e+00
-7.2828162e+00
-7.1235668e+00
-7.4388429e+00
-7.1120924e+00
-6.6631767e+00
-6.2842334e+00
-5.8998503e+00
-6.1716725e+00
-6.5609096e+00
-6.7552232e+00
-6.6176499e+00
-6.6404777e+00
-6.9421161e+00
-7.2042750e+00
-7.3372088e+00
-7.5852203e+00
-7.9970431e+00
-7.8373149e+00
-7.8632586e+00
-8.0039674e+00
-8.3811414e+00
-7.9336322e+00
-7.9544641e+00
-8.3467787e+00
-8.0258380e+00
-7.6795960e+00
-8.0816769e+00
-8.0562319e+00
-7.9696368e+00
-7.7307274e+00
-7.9217909e+00
-7.8508711e+00
-8.1685446e+00
-8.3849126e+00
-8.3337856e+00
-8.6949787e+00
-8.6787969e+00
-8.8246757e+00
-8.4669943e+00
-8.1721329e+00
-7.6737398e+00
-7.2887163e+00
-6.9197828e+00
-6.7800887e+00
-6.6473281e+00
-7.1403921e+00
-7.4696035e+00
-7.2512430e+00
-6.9432873e+00
-7.4155894e+00
-7.6419930e+00
-7.1661719e+00
-7.1630318e+00
-6.9781814e+00
-7.1176005e+00
-7.0636857e+00
-6.9478555e+00
-6.5684819e+00
-6.8913946e+00
-6.4473290e+00
-6.7316168e+00
-6.6525527e+00
-6.4842673e+00
-6.4653540e+00
-6.2762249e+00
-5.9393026e+00
-6.0464355e+00
-6.3363197e+00
-6.4073471e+00
-6.3625043e+00
-6.2679542e+00
-6.3541538e+00
-6.1004007e+00
-5.8587515e+00
-6.1085763e+00
-6.1989309e+00
-6.2270483e+00
-6.6845343e+00
-6.9062032e+00
-7.2049333e+00
-6.9861046e+00
-7.0530526e+00
-7.2656664e+00
-7.1152766e+00
-7.0605148e+00
-7.4003879e+00
-7.7740164e+00
-7.4164274e+00
-7.4520847e+00
-7.5318004e+00
-7.9311436e+00
-7.9378049e+00
-8.1735857e+00
-8.3559046e+00
-8.8079211e+00
-9.1573034e+00
-9.4894635e+00
-9.8212138e+00
-1.0190289e+01
-9.9637642e+00
-1.0190562e+01
-1.0575532e+01
-1.0617150e+01
-1.0943937e+01
-1.0768419e+01
-1.0353610e+01
-1.0422556e+01
-1.0351765e+01
-1.0605789e+01
-1.0418341e+01
-1.0708788e+01
-1.0482560e+01
-1.0496088e+01
-1.0643132e+01
-1.1093674e+01
-1.1565133e+01
-1.1188645e+01
-1.1127204e+01
-1.0731843e+01
-1.1071674e+01
-1.1150896e+01
-1.1349804e+01
-1.1259408e+01
-1.1626762e+01
-1.1916608e+01
-1.2217442e+01
-1.2216891e+01
-1.2500949e+01
-1.2184210e+01
-1.2215943e+01
-1.1936848e+01
-1.2204288e+01
-1.2110327e+01
-1.2169006e+01
-1.2333115e+01
-1.2360077e+01
-1.2019686e+01
-1.1530618e+01
-1.1866849e+01
-1.1860699e+01
-1.1942587e+01
-1.2229643e+01
-1.2059976e+01
-1.1853628e+01
-1.1755796e+01
-1.1918064e+01
-1.1990816e+01
-1.1578816e+01
-1.1540669e+01
-1.1913028e+01
-1.2408168e+01
-1.2370651e+01
-1.2370123e+01
-1.2694851e+01
-1.3038305e+01
-1.3317721e+01
-1.3565748e+01
-1.3685451e+01
-1.3383221e+01
-1.3103540e+01
-1.2645783e+01
-1.2905820e+01
-1.2547568e+01
-1.2097653e+01
-1.1782319e+01
-1.1568662e+01
-1.1162834e+01
-1.0682913e+01
-1.0808536e+01
-1.0999747e+01
-1.1362679e+01
-1.1563822e+01
-1.1931764e+01
-1.1542540e+01
-1.1608095e+01
-1.1887132e+01
-1.1429639e+01
-1.1093563e+01
-1.0976188e+01
-1.1341691e+01
-1.0909227e+01
-1.0643065e+01
-1.0840087e+01
-1.0641532e+01
-1.0690083e+01
-1.0496933e+01
-1.0575010e+01
-1.0619087e+01
-1.0518378e+01
-1.0303475e+01
-9.8470208e+00
-9.4545293e+00
-9.2506547e+00
-9.0451546e+00
-8.8395421e+00
-9.2201426e+00
-9.4516309e+00
-9.3515175e+00
-9.6488755e+00
-9.4722895e+00
-9.8847591e+00
-9.8242371e+00
-9.5413612e+00
-9.4174282e+00
-9.0053911e+00
-8.7905155e+00
-8.9856436e+00
-9.3909575e+00
-9.4914505e+00
-9.6551516e+00
-9.3973406e+00
-9.6839240e+00
-1.0159033e+01
-1.0230362e+01
-9.7716787e+00
-9.2915970e+00
-9.7518301e+00
-9.6504147e+00
-9.2196542e+00
-8.9339153e+00
-9.1948652e+00
-8.8929639e+00
-9.1666003e+00
-8.7215480e+00
-9.1601986e+00
-8.8924495e+00
-8.6444881e+00
-8.5180024e+00
-8.5428476e+00
-8.7981779e+00
-8.6012940e+00
-8.7617599e+00
-8.6614473e+00
-8.9427112e+00
-9.2838862e+00
-9.0769174e+00
-9.5409144e+00
-9.8594311e+00
-9.6844208e+00
-9.9417320e+00
-9.8652658e+00
-9.9882737e+00
-1.0220438e+01
-9.7510982e+00
-9.5145823e+00
-9.4486546e+00
-9.8193914e+00
-9.6430651e+00
-9.5336984e+00
-9.5110007e+00
-9.0542818e+00
-8.6811835e+00
-8.2496604e+00
-7.9419398e+00
-8.2131632e+00
-8.5901200e+00
-8.1362078e+00
-8.2304994e+00
-8.6707986e+00
-8.3950416e+00
-8.1303331e+00
-8.4422901e+00
-8.1196873e+00
-8.4904337e+00
-8.8456737e+00
-8.6483168e+00
-8.3342103e+00
-8.6799859e+00
-8.5983699e+00
-8.2930307e+00
-8.3512778e+00
-8.1949209e+00
-8.4140731e+00
-8.8921952e+00
-8.8616769e+00
-8.9697047e+00
-9.3360129e+00
-8.8827948e+00
-9.0318643e+00
-8.8797033e+00
-9.0234624e+00
-8.7851840e+00
-8.6590181e+00
-8.5770270e+00
-8.8878802e+00
-8.5840285e+00
-8.0993667e+00
-8.5831035e+00
-8.1957765e+00
-8.2362053e+00
-8.3462748e+00
-8.5776619e+00
-8.6109313e+00
-8.5482569e+00
-8.3498618e+00
-8.0867056e+00
-7.9575518e+00
-8.0719007e+00
-7.7828414e+00
-7.5295489e+00
-7.1809206e+00
-7.4907397e+00
-7.4277548e+00
-7.5000099e+00
-7.6986062e+00
-8.0937031e+00
-8.1306018e+00
-8.4180937e+00
-8.1021898e+00
-8.0574507e+00
-8.4297824e+00
-8.0029952e+00
-7.6721190e+00
-8.1469417e+00
-7.7511718e+00
-8.2478316e+00
-8.3073718e+00
-7.9043973e+00
-8.2468521e+00
-8.5938138e+00
-8.1348638e+00
-8.1684540e+00
-8.1483551e+00
-7.8421991e+00
-7.8068783e+00
-8.2204519e+00
-8.1482079e+00
-8.2108111e+00
-8.0794122e+00
-7.7809766e+00
-7.9518650e+00
-7.5316784e+00
-7.6951006e+00
-8.0485586e+00
-8.1689561e+00
-8.4384690e+00
-8.7153651e+00
-9.1157857e+00
-8.8263039e+00
-8.6217213e+00
-8.5421358e+00
-8.6352714e+00
-8.9562073e+00
-9.3249322e+00
-9.0050090e+00
-8.6152671e+00
-8.8805968e+00
-8.7234744e+00
-8.5491572e+00
-8.8733189e+00
-9.2632512e+00
-9.7217172e+00
-9.8190439e+00
-9.6714448e+00
-9.9888375e+00
-9.5468496e+00
-9.4974463e+00
-9.4957159e+00
-9.4600039e+00
-9.5040930e+00
-9.9667711e+00
-1.0022791e+01
-1.0086387e+01
-1.0189292e+01
-1.0500668e+01
-1.0900126e+01
-1.0793971e+01
-1.0611856e+01
-1.0339783e+01
-1.0051504e+01
-9.6436413e+00
-9.6982070e+00
-9.8858007e+00
-1.0190978e+01
-1.0465647e+01
-1.0540157e+01
-1.0812868e+01
-1.1127933e+01
-1.1120417e+01
-1.1163236e+01
-1.1279674e+01
-1.1620134e+01
-1.1763147e+01
-1.1522459e+01
-1.2001278e+01
-1.2003229e+01
-1.1685794e+01
-1.1589388e+01
-1.1113994e+01
-1.0784338e+01
-1.0716305e+01
-1.0318522e+01
-9.9032029e+00
-1.0166325e+01
-1.0069244e+01
-9.9097090e+00
-9.7274984e+00
-9.9139974e+00
-9.4470349e+00
-9.5912034e+00
-9.2670721e+00
-9.7388571e+00
-9.9520969e+00
-1.0274488e+01
-9.9316677e+00
-9.7422590e+00
-9.9031028e+00
-9.8352056e+00
-9.9121271e+00
-9.6903738e+00
-1.0155967e+01
-1.0400735e+01
-9.9318202e+00
-9.6043540e+00
-9.1254696e+00
-9.1120543e+00
-8.7499106e+00
-8.3299866e+00
-8.6100602e+00
-8.4710723e+00
-8.5694504e+00
-8.4371168e+00
-8.7284477e+00
-8.4455943e+00
-8.9144834e+00
-8.6490905e+00
-8.2325347e+00
-8.0720700e+00
-8.0831024e+00
-8.3219013e+00
-8.6004369e+00
-8.1806518e+00
-7.8973582e+00
-8.0424498e+00
-8.1162001e+00
-8.5361052e+00
-8.3809899e+00
-8.1765015e+00
-7.9266275e+00
-8.0265136e+00
-8.4841202e+00
-8.6032709e+00
-8.2041801e+00
-7.7520162e+00
-8.2301701e+00
-8.6975250e+00
-8.3037633e+00
-8.5855775e+00
-8.4254580e+00
-7.9498585e+00
-7.8812571e+00
-8.1286844e+00
-8.4076212e+00
-8.7959930e+00
-8.5367826e+00
-8.5666061e+00
-8.5200089e+00
-8.1584622e+00
-7.7054824e+00
-7.7314562e+00
-7.2510797e+00
-7.6623847e+00
-8.0085528e+00
-8.2088235e+00
-8.1704482e+00
-8.4234118e+00
-8.7709820e+00
-8.5687991e+00
-8.8932337e+00
-9.3680530e+00
-9.1552129e+00
-9.0751728e+00
-8.7140210e+00
-8.7584098e+00
-9.1713407e+00
-9.3499543e+00
-9.6508146e+00
-9.8238423e+00
-1.0087925e+01
-1.0343602e+01
-1.0334271e+01
-1.0449812e+01
-1.0148031e+01
-9.7772650e+00
-9.9381784e+00
-9.7215539e+00
-9.2984265e+00
-9.5947624e+00
-9.3738235e+00
-8.9071617e+00
-8.6923074e+00
-8.6497027e+00
-8.5168189e+00
-8.6932569e+00
-8.3994358e+00
-8.4463074e+00
-8.3849694e+00
-8.6323833e+00
-8.1792867e+00
-8.6402927e+00
-8.6855148e+00
-8.6310384e+00
-8.1894046e+00
-8.0181799e+00
-8.1012972e+00
-7.9993653e+00
-8.3317775e+00
-8.4444873e+00
-8.0712785e+00
-7.6101982e+00
-7.9147444e+00
-7.9750735e+00
-7.7928918e+00
-7.8361659e+00
-7.4986645e+00
-7.3650689e+00
-7.6457869e+00
-7.6520614e+00
-8.0521993e+00
-8.3435706e+00
-8.6472333e+00
-9.0732897e+00
-8.9121566e+00
-8.9868120e+00
-9.0222711e+00
-8.5269543e+00
-8.4893644e+00
-8.9394715e+00
-8.7989172e+00
-8.7220471e+00
-9.1542781e+00
-9.2466774e+00
-8.8691636e+00
-8.5131107e+00
-8.3717347e+00
-8.5677441e+00
-8.1328779e+00
-8.4896720e+00
-8.0416071e+00
-8.3519402e+00
-7.9931292e+00
-8.1631985e+00
-8.2649145e+00
-8.0341954e+00
-7.6465889e+00
-7.4614302e+00
-7.8822160e+00
-7.4515315e+00
-7.0593198e+00
-6.7290597e+00
-6.3895221e+00
-6.3529923e+00
-6.5601509e+00
-6.1758691e+00
-6.0733700e+00
-6.2384538e+00
-6.5237839e+00
-6.5187206e+00
-6.7524212e+00
-7.0062096e+00
-6.5776806e+00
-6.5720164e+00
-6.1357489e+00
-6.1386856e+00
-6.5163180e+00
-7.0117975e+00
-6.9371415e+00
-7.1600588e+00
-7.3925117e+00
-7.5386962e+00
-7.4561850e+00
-7.8644558e+00
-7.9580877e+00
-8.3673018e+00
-7.8709424e+00
-8.1875580e+00
-8.4039308e+00
-8.7458176e+00
-8.9781987e+00
-9.2682015e+00
-8.9418010e+00
-9.0287846e+00
-8.9656863e+00
-8.6910745e+00
-8.8565039e+00
-8.7355388e+00
-9.0173649e+00
-8.8073699e+00
-9.1648867e+00
-9.4128110e+00
-9.2956191e+00
-9.2150565e+00
-9.7077816e+00
-9.7378267e+00
-9.5082481e+00
-9.1427701e+00
-9.3232144e+00
-9.1834453e+00
-8.8009654e+00
-8.7059220e+00
-8.4578102e+00
-8.0630328e+00
-8.3175825e+00
-8.2178094e+00
-8.0015656e+00
-7.5461925e+00
-7.0760509e+00
-6.9295431e+00
-6.5528461e+00
-6.2438168e+00
-6.1399641e+00
-5.9448341e+00
-5.8770180e+00
-5.9221469e+00
-5.8136970e+00
-6.0245665e+00
-5.8291111e+00
-5.9716785e+00
-5.9578198e+00
-6.3475037e+00
-6.1291758e+00
-5.8911257e+00
-5.7269432e+00
-6.0037702e+00
-6.3491961e+00
-6.4929967e+00
-6.7258743e+00
-7.0536268e+00
-7.3020164e+00
-7.2665624e+00
-7.1493731e+00
-7.4436640e+00
-7.5667311e+00
-7.2882614e+00
-7.6786631e+00
-7.6968594e+00
-8.0334348e+00
-8.1173365e+00
-7.7165865e+00
-7.8950030e+00
-7.6637878e+00
-8.0005202e+00
-7.9765024e+00
-7.6713976e+00
-7.5674653e+00
-7.4218107e+00
-7.0541024e+00
-7.3879281e+00
-7.7161310e+00
-7.2812214e+00
-7.5880701e+00
-7.9692053e+00
-8.3463425e+00
-8.0729716e+00
-8.0858770e+00
-7.7334951e+00
-7.9979946e+00
-8.2479793e+00
-8.1171468e+00
-8.5874682e+00
-8.4910236e+00
-8.0840218e+00
-8.5727528e+00
-8.5342532e+00
-8.8587080e+00
-9.1283335e+00
-8.8830442e+00
-8.6321236e+00
-8.9122143e+00
-9.1844378e+00
-8.9291271e+00
-8.7739403e+00
-8.9309386e+00
-8.9678652e+00
-8.8513685e+00
-9.2534673e+00
-9.3213795e+00
-9.4752124e+00
-8.9963848e+00
-8.7320192e+00
-9.2258263e+00
-9.4270926e+00
-9.8849258e+00
-1.0037970e+01
-9.7017351e+00
-9.3652128e+00
-9.8552898e+00
-9.8194682e+00
-9.3868488e+00
-9.7709521e+00
-9.9278344e+00
-1.0235050e+01
-1.0650944e+01
-1.1083970e+01
-1.1272805e+01
-1.1716689e+01
-1.1991120e+01
-1.1930079e+01
-1.2254320e+01
-1.2375465e+01
-1.2721112e+01
-1.2313624e+01
-1.2419287e+01
-1.1932484e+01
-1.2037252e+01
-1.2501499e+01
-1.2557517e+01
-1.2733771e+01
-1.2723760e+01
-1.2865038e+01
-1.2512983e+01
-1.2638369e+01
-1.2367681e+01
-1.2016265e+01
-1.2474048e+01
-1.2343366e+01
-1.2374781e+01
-1.2316313e+01
-1.2799670e+01
-1.2857002e+01
-1.3192563e+01
-1.3233275e+01
-1.2810234e+01
-1.2620713e+01
-1.2347180e+01
-1.2502983e+01
-1.2384738e+01
-1.2407448e+01
-1.2230537e+01
-1.2541198e+01
-1.2286703e+01
-1.2465043e+01
-1.2964780e+01
-1.3446660e+01
-1.3242310e+01
-1.3557485e+01
-1.3301552e+01
-1.3417102e+01
-1.3735136e+01
-1.3948237e+01
-1.4077268e+01
-1.4149314e+01
-1.4429266e+01
-1.4704740e+01
-1.4405769e+01
-1.4579882e+01
-1.4329130e+01
-1.4425840e+01
-1.4334589e+01
-1.4282613e+01
-1.4372968e+01
-1.4309926e+01
-1.3884858e+01
-1.3465449e+01
-1.3204629e+01
-1.3379632e+01
-1.3096851e+01
-1.2822464e+01
-1.3295356e+01
-1.3224924e+01
-1.3025481e+01
-1.2809457e+01
-1.2614474e+01
-1.2515814e+01
-1.2356983e+01
-1.2544413e+01
-1.2045147e+01
-1.1710065e+01
-1.1522230e+01
-1.1908015e+01
-1.1666307e+01
-1.1171084e+01
-1.1431076e+01
-1.1769573e+01
-1.2103434e+01
-1.2526718e+01
-1.2383323e+01
-1.2231667e+01
-1.2322946e+01
-1.2083338e+01
-1.2529016e+01
-1.2539381e+01
-1.2349930e+01
-1.2620160e+01
-1.2841901e+01
-1.2942877e+01
-1.2668719e+01
-1.2252288e+01
-1.2089302e+01
-1.2271727e+01
-1.2367035e+01
-1.2317783e+01
-1.2205521e+01
-1.2505604e+01
-1.2411439e+01
-1.2089483e+01
-1.2278930e+01
-1.2189871e+01
-1.2037445e+01
-1.2122505e+01
-1.1929213e+01
-1.2170393e+01
-1.1698551e+01
-1.1556592e+01
-1.1920670e+01
-1.1835187e+01
-1.1839082e+01
-1.1585744e+01
-1.1120415e+01
-1.0825894e+01
-1.0881676e+01
-1.1213767e+01
-1.1035846e+01
-1.0617128e+01
-1.0696999e+01
-1.1118834e+01
-1.1192461e+01
-1.1198386e+01
-1.0767696e+01
-1.0345152e+01
-1.0277375e+01
-1.0695235e+01
-1.0524058e+01
-1.0392595e+01
-1.0017456e+01
-9.5592827e+00
-9.5866545e+00
-1.0015145e+01
-9.7480513e+00
-1.0127029e+01
-1.0072110e+01
-1.0149428e+01
-9.7726711e+00
-1.0136369e+01
-1.0519134e+01
-1.0455033e+01
-1.0697812e+01
-1.0325172e+01
-1.0802199e+01
-1.0932531e+01
-1.1251284e+01
-1.0756682e+01
-1.0438840e+01
-1.0422447e+01
-1.0167235e+01
-9.6881124e+00
-9.8784922e+00
-1.0319528e+01
-1.0708353e+01
-1.0257615e+01
-1.0183751e+01
-9.8248843e+00
-9.6429784e+00
-9.2254688e+00
-9.3879286e+00
-9.5449872e+00
-9.8091437e+00
-9.9739611e+00
-1.0278352e+01
-1.0401457e+01
-1.0484346e+01
-1.0872221e+01
-1.0372650e+01
-1.0834642e+01
-1.1007936e+01
-1.0759287e+01
-1.0846432e+01
-1.1005748e+01
-1.0868714e+01
-1.1245156e+01
-1.1434967e+01
-1.1309448e+01
-1.1408828e+01
-1.1669307e+01
-1.1465911e+01
-1.1928258e+01
-1.1800698e+01
-1.2082793e+01
-1.2572682e+01
-1.2520789e+01
-1.2374673e+01
-1.2764916e+01
-1.2733946e+01
-1.2916782e+01
-1.2733569e+01
-1.2602868e+01
-1.3015881e+01
-1.3409819e+01
-1.3067124e+01
-1.3434687e+01
-1.3564854e+01
-1.3534579e+01
-1.3331220e+01
-1.3673676e+01
-1.3695822e+01
-1.3959420e+01
-1.3650638e+01
-1.3354717e+01
-1.3305461e+01
-1.3352914e+01
-1.3787574e+01
-1.3830350e+01
-1.4171012e+01
-1.4238884e+01
-1.4497931e+01
-1.4219199e+01
-1.4502349e+01
-1.4931937e+01
-1.4736092e+01
-1.4749846e+01
-1.5011776e+01
-1.5485371e+01
-1.5627890e+01
-1.5800290e+01
-1.5650469e+01
-1.5812049e+01
-1.5710367e+01
-1.5460337e+01
-1.5625868e+01
-1.5321115e+01
-1.4978538e+01
-1.5050728e+01
-1.5006517e+01
-1.4885921e+01
-1.5097912e+01
-1.5236283e+01
-1.5601491e+01
-1.5781565e+01
-1.6034222e+01
-1.6513499e+01
-1.6319753e+01
-1.6590446e+01
-1.6235236e+01
-1.6232017e+01
-1.6091464e+01
-1.5750677e+01
-1.5390482e+01
-1.5686165e+01
-1.5756392e+01
-1.5279163e+01
-1.4984586e+01
-1.5112554e+01
-1.4755751e+01
-1.4416694e+01
-1.4412900e+01
-1.4500471e+01
-1.4784336e+01
-1.5073752e+01
-1.5022898e+01
-1.5299223e+01
-1.5219692e+01
-1.4741443e+01
-1.4754630e+01
-1.4881056e+01
-1.4914580e+01
-1.5042855e+01
-1.5417163e+01
-1.5276645e+01
-1.5573987e+01
-1.5984953e+01
-1.6222703e+01
-1.6199397e+01
-1.6344828e+01
-1.6379395e+01
-1.6450930e+01
-1.6058525e+01
-1.6337304e+01
-1.6541901e+01
-1.6830960e+01
-1.6383913e+01
-1.6776856e+01
-1.6349756e+01
-1.6691549e+01
-1.6592397e+01
-1.6671777e+01
-1.7061468e+01
-1.7068417e+01
-1.6984952e+01
-1.7385708e+01
-1.7521091e+01
-1.7304713e+01
-1.6881116e+01
-1.7126203e+01
-1.7132011e+01
-1.6794514e+01
-1.6320532e+01
-1.5834177e+01
-1.6329918e+01
-1.6514856e+01
-1.6627489e+01
-1.6496393e+01
-1.6842113e+01
-1.6810439e+01
-1.6912398e+01
-1.6773878e+01
-1.7039399e+01
-1.7464332e+01
-1.7100654e+01
-1.7594166e+01
-1.7255018e+01
-1.6940270e+01
-1.6635528e+01
-1.6182499e+01
-1.6489122e+01
-1.6399697e+01
-1.6527445e+01
-1.6029307e+01
-1.6257077e+01
-1.6085460e+01
-1.5681347e+01
-1.5362349e+01
-1.5168356e+01
-1.5123468e+01
-1.5380458e+01
-1.4922016e+01
-1.5061031e+01
-1.5162603e+01
-1.5137712e+01
-1.5244772e+01
-1.5690520e+01
-1.5696408e+01
-1.5200597e+01
-1.4975133e+01
-1.5457632e+01
-1.5748053e+01
-1.5901079e+01
-1.5607023e+01
-1.5654570e+01
-1.5691294e+01
-1.5880179e+01
-1.6012325e+01
-1.5647464e+01
-1.5426211e+01
-1.5402021e+01
-1.5289662e+01
-1.5597682e+01
-1.5928039e+01
-1.6371581e+01
-1.6569965e+01
-1.6490392e+01
-1.6325671e+01
-1.6566736e+01
-1.6763316e+01
-1.6834337e+01
-1.7195890e+01
-1.6993602e+01
-1.6763616e+01
-1.6917358e+01
-1.6870544e+01
-1.6387602e+01
-1.6006484e+01
-1.5738062e+01
-1.5417260e+01
-1.5354475e+01
-1.5539228e+01
-1.5494363e+01
-1.5227046e+01
-1.5364334e+01
-1.5200423e+01
-1.5360946e+01
-1.4923124e+01
-1.4668649e+01
-1.4377426e+01
-1.4329082e+01
-1.4426190e+01
-1.4913156e+01
-1.5324714e+01
-1.5695024e+01
-1.5588109e+01
-1.5540262e+01
-1.5301673e+01
-1.4802293e+01
-1.4619783e+01
-1.4202630e+01
-1.3801222e+01
-1.4077578e+01
-1.3812903e+01
-1.3705071e+01
-1.3949847e+01
-1.3778204e+01
-1.3747099e+01
-1.3525349e+01
-1.3315468e+01
-1.3339885e+01
-1.3519398e+01
-1.3476544e+01
-1.3481850e+01
-1.3241540e+01
-1.3513927e+01
-1.3969201e+01
-1.4120885e+01
-1.3708172e+01
-1.3908779e+01
-1.3984950e+01
-1.3727786e+01
-1.3562176e+01
-1.3876182e+01
-1.3959571e+01
-1.4313409e+01
-1.4181239e+01
-1.4565202e+01
-1.4130791e+01
-1.3981206e+01
-1.4392765e+01
-1.4482365e+01
-1.4423731e+01
-1.3925129e+01
-1.4281072e+01
-1.3897915e+01
-1.4350895e+01
-1.4583166e+01
-1.4284917e+01
-1.4359784e+01
-1.4336534e+01
-1.4425199e+01
-1.3940499e+01
-1.4366747e+01
-1.4444363e+01
-1.4415687e+01
-1.4615028e+01
-1.4674066e+01
-1.4938514e+01
-1.4806921e+01
-1.5042713e+01
-1.4836775e+01
-1.4876462e+01
-1.4846598e+01
-1.4795898e+01
-1.4740828e+01
-1.4531353e+01
-1.4491751e+01
-1.4096940e+01
-1.3885829e+01
-1.4124246e+01
-1.4307035e+01
-1.4312172e+01
-1.4531023e+01
-1.4514870e+01
-1.4415579e+01
-1.4881620e+01
-1.4919484e+01
-1.5175753e+01
-1.5329355e+01
-1.5109653e+01
-1.4674693e+01
-1.4694272e+01
-1.4491542e+01
-1.4285396e+01
-1.4772965e+01
-1.4582827e+01
-1.4125110e+01
-1.3791213e+01
-1.4205174e+01
-1.4125556e+01
-1.4471470e+01
-1.4174585e+01
-1.4010688e+01
-1.3900061e+01
-1.3612561e+01
-1.3939721e+01
-1.4437754e+01
-1.4308701e+01
-1.4684876e+01
-1.4414283e+01
-1.4185963e+01
-1.4106350e+01
-1.3661020e+01
-1.3773591e+01
-1.3719751e+01
-1.3881623e+01
-1.3940273e+01
-1.4412887e+01
-1.4468413e+01
-1.4865251e+01
-1.4708575e+01
-1.4828230e+01
-1.4782839e+01
-1.5275219e+01
-1.5235547e+01
-1.4954112e+01
-1.5328228e+01
-1.5481148e+01
-1.5802942e+01
-1.5319441e+01
-1.5453485e+01
-1.5244669e+01
-1.5037841e+01
-1.5161253e+01
-1.5651999e+01
-1.5667038e+01
-1.5315070e+01
-1.5182798e+01
-1.4718468e+01
-1.4264460e+01
-1.4482276e+01
-1.4485576e+01
-1.4173389e+01
-1.3766255e+01
-1.3939197e+01
-1.3805973e+01
-1.3410368e+01
-1.3447010e+01
-1.2991539e+01
-1.2762163e+01
-1.3001275e+01
-1.2512476e+01
-1.2886291e+01
-1.3158474e+01
-1.3120116e+01
-1.3553443e+01
-1.3886580e+01
-1.4164803e+01
-1.4170302e+01
-1.3841284e+01
-1.3668395e+01
-1.3543212e+01
-1.3898433e+01
-1.3811605e+01
-1.4161740e+01
-1.4039767e+01
-1.3933696e+01
-1.4195442e+01
-1.3895633e+01
-1.3404000e+01
-1.3603604e+01
-1.3190913e+01
-1.2901689e+01
-1.3180111e+01
-1.3617616e+01
-1.3989472e+01
-1.4405681e+01
-1.4639232e+01
-1.5049039e+01
-1.5218057e+01
-1.4734824e+01
-1.5149948e+01
-1.5156032e+01
-1.5031706e+01
-1.5449638e+01
-1.5800431e+01
-1.5350173e+01
-1.5478994e+01
-1.5401505e+01
-1.5705616e+01
-1.5800759e+01
-1.5645795e+01
-1.5222964e+01
-1.4946192e+01
-1.5128347e+01
-1.4741055e+01
-1.4955528e+01
-1.5244586e+01
-1.5236704e+01
-1.5132968e+01
-1.5188912e+01
-1.5587523e+01
-1.5273148e+01
-1.5211533e+01
-1.5312894e+01
-1.5533411e+01
-1.5858168e+01
-1.5464042e+01
-1.5354218e+01
-1.5131685e+01
-1.5136981e+01
-1.5433343e+01
-1.5160064e+01
-1.4980649e+01
-1.4704884e+01
-1.4358493e+01
-1.4785905e+01
-1.4295804e+01
-1.4607499e+01
-1.4744301e+01
-1.4703644e+01
-1.4288315e+01
-1.3876554e+01
-1.4273706e+01
-1.3908916e+01
-1.4378275e+01
-1.3906517e+01
-1.4350549e+01
-1.4231971e+01
-1.4119894e+01
-1.4132847e+01
-1.4099697e+01
-1.4251104e+01
-1.3998919e+01
-1.3622187e+01
-1.3885527e+01
-1.3637380e+01
-1.3778454e+01
-1.3566343e+01
-1.3205573e+01
-1.3386042e+01
-1.3667672e+01
-1.3557674e+01
-1.3423676e+01
-1.3864666e+01
-1.3903873e+01
-1.3726408e+01
-1.3394121e+01
-1.3397320e+01
-1.3441090e+01
-1.3088213e+01
-1.3385176e+01
-1.3871330e+01
-1.3583721e+01
-1.3247984e+01
-1.3287619e+01
-1.3720127e+01
-1.4192391e+01
-1.4427570e+01
-1.4862296e+01
-1.4447976e+01
-1.4547191e+01
-1.4294240e+01
-1.3841829e+01
-1.4036988e+01
-1.3984416e+01
-1.3810478e+01
-1.3395127e+01
-1.3103817e+01
-1.3351079e+01
-1.3801434e+01
-1.4177754e+01
-1.4096121e+01
-1.3723372e+01
-1.4147471e+01
-1.4624165e+01
-1.4276705e+01
-1.3975922e+01
-1.4267436e+01
-1.3806639e+01
-1.4004598e+01
-1.3770974e+01
-1.3870767e+01
-1.3830962e+01
-1.4158569e+01
-1.4139694e+01
-1.4453415e+01
-1.4256701e+01
-1.4329214e+01
-1.4129538e+01
-1.4381176e+01
-1.4725175e+01
-1.5186065e+01
-1.5036582e+01
-1.4723704e+01
-1.4512917e+01
-1.4363520e+01
-1.4029848e+01
-1.3560637e+01
-1.3781144e+01
-1.3966617e+01
-1.3628595e+01
-1.4043963e+01
-1.4204033e+01
-1.3921025e+01
-1.3681889e+01
-1.4085890e+01
-1.3716889e+01
-1.3548357e+01
-1.3499988e+01
-1.3949963e+01
-1.3761933e+01
-1.3541199e+01
-1.3496818e+01
-1.3101820e+01
-1.3008784e+01
-1.3136004e+01
-1.3036451e+01
-1.3279049e+01
-1.3395938e+01
-1.3054500e+01
-1.3204167e+01
-1.3428458e+01
-1.3343266e+01
-1.3231390e+01
-1.2929866e+01
-1.2724597e+01
-1.2651455e+01
-1.2582721e+01
-1.2853134e+01
-1.3300392e+01
-1.3776011e+01
-1.3552064e+01
-1.3812155e+01
-1.3968061e+01
-1.3680884e+01
-1.3480557e+01
-1.3105939e+01
-1.2953487e+01
-1.3246693e+01
-1.2843582e+01
-1.3108870e+01
-1.2669005e+01
-1.2460343e+01
-1.2457766e+01
-1.1986554e+01
-1.2058992e+01
-1.2522341e+01
-1.2714306e+01
-1.3026638e+01
-1.2537467e+01
-1.2128980e+01
-1.1778894e+01
-1.2125260e+01
-1.2189988e+01
-1.2007491e+01
-1.2082826e+01
-1.1956162e+01
-1.1668060e+01
-1.1456592e+01
-1.1801697e+01
-1.2222729e+01
-1.2509299e+01
-1.2034773e+01
-1.1661105e+01
-1.1237661e+01
-1.0847116e+01
-1.1178592e+01
-1.0752847e+01
-1.0627608e+01
-1.0179821e+01
-1.0671322e+01
-1.0316007e+01
-1.0723752e+01
-1.0851999e+01
-1.0641867e+01
-1.0347631e+01
-1.0735786e+01
-1.0669939e+01
-1.0471253e+01
-1.0677288e+01
-1.0252938e+01
-1.0520735e+01
-1.0840502e+01
-1.0969282e+01
-1.1136497e+01
-1.1631898e+01
-1.1393670e+01
-1.1421777e+01
-1.1037067e+01
-1.1482335e+01
-1.1392943e+01
-1.1743555e+01
-1.2072788e+01
-1.2065102e+01
-1.1738273e+01
-1.1683330e+01
-1.2109639e+01
-1.2109331e+01
-1.1726208e+01
-1.2088261e+01
-1.2231291e+01
-1.1812292e+01
-1.1750262e+01
-1.1935384e+01
-1.1504154e+01
-1.1662982e+01
-1.1657013e+01
-1.1862964e+01
-1.1709176e+01
-1.1566657e+01
-1.2012565e+01
-1.1548735e+01
-1.2026152e+01
-1.1750680e+01
-1.1747948e+01
-1.1742940e+01
-1.1991345e+01
-1.2171213e+01
-1.2173368e+01
-1.2420642e+01
-1.2611586e+01
-1.2169285e+01
-1.2098411e+01
-1.2346300e+01
-1.2255101e+01
-1.1996036e+01
-1.2351043e+01
-1.1933998e+01
-1.2297123e+01
-1.2033619e+01
-1.2197422e+01
-1.1972425e+01
-1.2377867e+01
-1.2488808e+01
-1.2271659e+01
-1.2311121e+01
-1.2664041e+01
-1.2884040e+01
-1.2879186e+01
-1.3234006e+01
-1.3512441e+01
-1.3593177e+01
-1.3279128e+01
-1.3744124e+01
-1.3469103e+01
-1.3908370e+01
-1.3629113e+01
-1.3638906e+01
-1.3939632e+01
-1.3976696e+01
-1.3859793e+01
-1.3905438e+01
-1.3894673e+01
-1.3917391e+01
-1.4313517e+01
-1.4513338e+01
-1.4459020e+01
-1.4235858e+01
-1.4255124e+01
-1.4109906e+01
-1.4555253e+01
-1.4648324e+01
-1.4980872e+01
-1.5317330e+01
-1.5489162e+01
-1.5871698e+01
-1.6276673e+01
-1.5812943e+01
-1.5378276e+01
-1.5270139e+01
-1.5714845e+01
-1.5361405e+01
-1.5181958e+01
-1.5610244e+01
-1.5623012e+01
-1.5569793e+01
-1.5659466e+01
-1.6024078e+01
-1.6165621e+01
-1.5942283e+01
-1.6386509e+01
-1.6536812e+01
-1.6637000e+01
-1.6233427e+01
-1.6369339e+01
-1.6099402e+01
-1.5877341e+01
-1.6232555e+01
-1.6653748e+01
-1.6435363e+01
-1.6215500e+01
-1.6148958e+01
-1.5925112e+01
-1.5697731e+01
-1.6071941e+01
-1.5815812e+01
-1.6307146e+01
-1.6192861e+01
-1.6529672e+01
-1.6728911e+01
-1.7197922e+01
-1.7109123e+01
-1.6680873e+01
-1.6718027e+01
-1.7030867e+01
-1.7424441e+01
-1.7576225e+01
-1.7268641e+01
-1.7365525e+01
-1.7829117e+01
-1.7908528e+01
-1.7587759e+01
-1.7388696e+01
-1.7298614e+01
-1.7436475e+01
-1.7478742e+01
-1.7333548e+01
-1.7278823e+01
-1.6800190e+01
-1.7171405e+01
-1.7001034e+01
-1.6531209e+01
-1.6516849e+01
-1.6098059e+01
-1.5851467e+01
-1.5981732e+01
-1.5548593e+01
-1.5973797e+01
-1.5595193e+01
-1.5634088e+01
-1.5647782e+01
-1.5196223e+01
-1.5576523e+01
-1.5682528e+01
-1.5657919e+01
-1.5697189e+01
-1.5703080e+01
-1.5736893e+01
-1.5701563e+01
-1.5906925e+01
-1.5828155e+01
-1.5509040e+01
-1.5581813e+01
-1.5668916e+01
-1.5523128e+01
-1.5958707e+01
-1.6148313e+01
-1.6098799e+01
-1.6255801e+01
-1.6207410e+01
-1.6368266e+01
-1.6424048e+01
-1.6122876e+01
-1.6504292e+01
-1.6375677e+01
-1.6677143e+01
-1.6980468e+01
-1.6669927e+01
-1.6501759e+01
-1.6316743e+01
-1.6326145e+01
-1.6581207e+01
-1.6824423e+01
-1.7186988e+01
-1.7567446e+01
-1.7082087e+01
-1.7228828e+01
-1.7501457e+01
-1.7273732e+01
-1.7580838e+01
-1.7420107e+01
-1.7637069e+01
-1.7292507e+01
-1.6828393e+01
-1.6444836e+01
-1.6546280e+01
-1.6105415e+01
-1.5812736e+01
-1.5314443e+01
-1.5152443e+01
-1.5276584e+01
-1.5698985e+01
-1.5783337e+01
-1.5996842e+01
-1.5683769e+01
-1.6150666e+01
-1.6286728e+01
-1.6165029e+01
-1.6585511e+01
-1.6446588e+01
-1.6705899e+01
-1.6371050e+01
-1.6367425e+01
-1.6055329e+01
-1.6347292e+01
-1.6381156e+01
-1.6631488e+01
-1.6537280e+01
-1.6516657e+01
-1.6312218e+01
-1.6295039e+01
-1.6393485e+01
-1.5919021e+01
-1.5771953e+01
-1.5836566e+01
-1.5766287e+01
-1.5925966e+01
-1.6132402e+01
-1.5834004e+01
-1.5773412e+01
-1.5882791e+01
-1.5636324e+01
-1.5234526e+01
-1.5264091e+01
-1.4941623e+01
-1.5014267e+01
-1.5467697e+01
-1.5114002e+01
-1.4942331e+01
-1.4591953e+01
-1.4302785e+01
-1.4800720e+01
-1.4985707e+01
-1.5265485e+01
-1.4886630e+01
-1.4992251e+01
-1.4856496e+01
-1.4428634e+01
-1.4009288e+01
-1.3769027e+01
-1.3871774e+01
-1.3716031e+01
-1.3341755e+01
-1.3605921e+01
-1.3590927e+01
-1.3469464e+01
-1.3916007e+01
-1.4312133e+01
-1.4370549e+01
-1.4251794e+01
-1.4141408e+01
-1.3959501e+01
-1.3506398e+01
-1.3182361e+01
-1.3037354e+01
-1.3061435e+01
-1.2576452e+01
-1.2980040e+01
-1.2599772e+01
-1.2693331e+01
-1.2599657e+01
-1.2163226e+01
-1.1797896e+01
-1.1674611e+01
-1.1803049e+01
-1.1485684e+01
-1.1713213e+01
-1.2043068e+01
-1.2427589e+01
-1.2754228e+01
-1.3218011e+01
-1.3633460e+01
-1.3425874e+01
-1.3267984e+01
-1.3320465e+01
-1.3375989e+01
-1.3552794e+01
-1.3990597e+01
-1.4013645e+01
-1.4093974e+01
-1.4082775e+01
-1.3595965e+01
-1.3477875e+01
-1.3024823e+01
-1.2922538e+01
-1.2715227e+01
-1.2309130e+01
-1.2502344e+01
-1.2638356e+01
-1.2336683e+01
-1.2538418e+01
-1.2529120e+01
-1.2364452e+01
-1.1981994e+01
-1.2461169e+01
-1.2343740e+01
-1.2526761e+01
-1.2579870e+01
-1.2832423e+01
-1.2925996e+01
-1.3095933e+01
-1.2938716e+01
-1.3321502e+01
-1.3781279e+01
-1.3874898e+01
-1.3830843e+01
-1.4130381e+01
-1.3780483e+01
-1.4171261e+01
-1.3766536e+01
-1.3363517e+01
-1.3066205e+01
-1.2648790e+01
-1.2233328e+01
-1.2600470e+01
-1.2987146e+01
-1.3262897e+01
-1.3708691e+01
-1.3265210e+01
-1.3028537e+01
-1.2714205e+01
-1.2465108e+01
-1.2655574e+01
-1.2601272e+01
-1.2135928e+01
-1.1957498e+01
-1.1490027e+01
-1.1587550e+01
-1.1556329e+01
-1.1137284e+01
-1.1237776e+01
-1.1494479e+01
-1.1170258e+01
-1.0810187e+01
-1.1188267e+01
-1.1097621e+01
-1.1124545e+01
-1.1350781e+01
-1.1566486e+01
-1.1292440e+01
-1.0816820e+01
-1.0897687e+01
-1.0423047e+01
-1.0558788e+01
-1.0080034e+01
-1.0552519e+01
-1.0499992e+01
-1.0812827e+01
-1.1015145e+01
-1.0696492e+01
-1.0865023e+01
-1.0601116e+01
-1.0361700e+01
-1.0087779e+01
-9.7612433e+00
-1.0015969e+01
-1.0338152e+01
-1.0709692e+01
-1.0706047e+01
-1.0650111e+01
-1.0312878e+01
-1.0276489e+01
-1.0001232e+01
-9.7561968e+00
-9.6275023e+00
-9.6267136e+00
-1.0038100e+01
-9.7445186e+00
-9.2982400e+00
-9.7819433e+00
-9.9089446e+00
-1.0012108e+01
-1.0410008e+01
-9.9651932e+00
-1.0322155e+01
-1.0784754e+01
-1.0362833e+01
-1.0191924e+01
-1.0144199e+01
-9.8055718e+00
-9.3225892e+00
-9.6114348e+00
-9.6216768e+00
-9.7346642e+00
-9.6700458e+00
-9.2701509e+00
-9.1724885e+00
-8.7486385e+00
-9.1969511e+00
-9.5121749e+00
-9.8609825e+00
-9.4362430e+00
-9.2614752e+00
-9.7451411e+00
-1.0046908e+01
-1.0439334e+01
-1.0183699e+01
-1.0148696e+01
-1.0553566e+01
-1.0650207e+01
-1.0862294e+01
-1.0628193e+01
-1.0517651e+01
-1.1016645e+01
-1.0844507e+01
-1.0805067e+01
-1.0368251e+01
-1.0178195e+01
-1.0445023e+01
-1.0487901e+01
-1.0260827e+01
-1.0644460e+01
-1.0330990e+01
-1.0586134e+01
-1.0916799e+01
-1.0602238e+01
-1.0670148e+01
-1.0410673e+01
-1.0399359e+01
-1.0197424e+01
-1.0479929e+01
-1.0122798e+01
-1.0215921e+01
-9.7331429e+00
-9.7962493e+00
-1.0060291e+01
-1.0179457e+01
-9.8882766e+00
-9.9658209e+00
-9.9955031e+00
-1.0023604e+01
-9.6865409e+00
-9.5049286e+00
-9.6439150e+00
-9.8604445e+00
-9.9514617e+00
-9.9279588e+00
-9.8128135e+00
-9.4985956e+00
-9.3687481e+00
-9.0637101e+00
-8.7499269e+00
-8.6446613e+00
-8.7479332e+00
-8.7271456e+00
-9.0942915e+00
-9.3716212e+00
-9.8378935e+00
-9.5623406e+00
-9.8973130e+00
-9.6881274e+00
-1.0170868e+01
-9.8288020e+00
-1.0251519e+01
-9.8985192e+00
-1.0264656e+01
-1.0674573e+01
-1.0474470e+01
-1.0172573e+01
-1.0020549e+01
-1.0093160e+01
-1.0169096e+01
-1.0361111e+01
-1.0235088e+01
-1.0227284e+01
-1.0413260e+01
-1.0438836e+01
-1.0915859e+01
-1.0910953e+01
-1.1249419e+01
-1.1179141e+01
-1.1558980e+01
-1.1291653e+01
-1.1713364e+01
-1.1228686e+01
-1.1284443e+01
-1.1268361e+01
-1.1381922e+01
-1.1498860e+01
-1.1978558e+01
-1.1815668e+01
-1.2293537e+01
-1.2792369e+01
-1.2693895e+01
-1.3066610e+01
-1.3081160e+01
-1.3201938e+01
-1.3564053e+01
-1.3598056e+01
-1.3668192e+01
-1.3979826e+01
-1.4478250e+01
-1.4322417e+01
-1.4114087e+01
-1.3707616e+01
-1.3694094e+01
-1.3750925e+01
-1.3282115e+01
-1.3017569e+01
-1.3240339e+01
-1.3462216e+01
-1.3363967e+01
-1.3357589e+01
-1.3301844e+01
-1.3439869e+01
-1.3409875e+01
-1.2936999e+01
-1.2686120e+01
-1.3098120e+01
-1.3436102e+01
-1.3514326e+01
-1.3791893e+01
-1.3860079e+01
-1.3379182e+01
-1.3743893e+01
-1.3909078e+01
-1.3954165e+01
-1.4434068e+01
-1.4901738e+01
-1.5124342e+01
-1.5596530e+01
-1.6058986e+01
-1.6024887e+01
-1.6278733e+01
-1.6164089e+01
-1.5827234e+01
-1.6041555e+01
-1.6266124e+01
-1.6705902e+01
-1.6286886e+01
-1.6374845e+01
-1.6478378e+01
-1.6786217e+01
-1.6996643e+01
-1.6562074e+01
-1.6714516e+01
-1.6367328e+01
-1.6681711e+01
-1.6612190e+01
-1.6285029e+01
-1.6669096e+01
-1.6500876e+01
-1.6463532e+01
-1.6448231e+01
-1.6453795e+01
-1.6546683e+01
-1.6860508e+01
-1.6691985e+01
-1.7013522e+01
-1.6839211e+01
-1.6690432e+01
-1.6936582e+01
-1.7367852e+01
-1.7671448e+01
-1.7542440e+01
-1.7555889e+01
-1.7273453e+01
-1.6882225e+01
-1.6752698e+01
-1.6613799e+01
-1.6900051e+01
-1.6807373e+01
-1.6969689e+01
-1.6698021e+01
-1.6796633e+01
-1.6540204e+01
-1.6970718e+01
-1.7001836e+01
-1.6718678e+01
-1.6872851e+01
-1.7340323e+01
-1.7289076e+01
-1.7673603e+01
-1.7980885e+01
-1.7557284e+01
-1.7442939e+01
-1.7009602e+01
-1.6998659e+01
-1.7048510e+01
-1.7181088e+01
-1.7431343e+01
-1.7130164e+01
-1.7496243e+01
-1.7547864e+01
-1.7783008e+01
-1.7919070e+01
-1.8021748e+01
-1.8255398e+01
-1.7978586e+01
-1.7659150e+01
-1.7504189e+01
-1.7681373e+01
-1.7547925e+01
-1.8005578e+01
-1.8456810e+01
-1.7967701e+01
-1.7988927e+01
-1.8141639e+01
-1.7991118e+01
-1.7656988e+01
-1.7434847e+01
-1.7057354e+01
-1.7137209e+01
-1.7133826e+01
-1.7471095e+01
-1.7514979e+01
-1.7103205e+01
-1.7515310e+01
-1.7805682e+01
-1.7543196e+01
-1.7984045e+01
-1.8180677e+01
-1.7751905e+01
-1.7804607e+01
-1.7352778e+01
-1.7728579e+01
-1.7811034e+01
-1.7571106e+01
-1.7978302e+01
-1.8135088e+01
-1.8291875e+01
-1.8776168e+01
-1.8687463e+01
-1.8404160e+01
-1.8433383e+01
-1.8906662e+01
-1.9036756e+01
-1.9522994e+01
-1.9222992e+01
-1.9191022e+01
-1.8950500e+01
-1.8727161e+01
-1.8601868e+01
-1.8887954e+01
-1.9339948e+01
-1.9357215e+01
-1.9636607e+01
-1.9431363e+01
-1.9072818e+01
-1.8983096e+01
-1.8569908e+01
-1.8826551e+01
-1.8751537e+01
-1.8878190e+01
-1.8863545e+01
-1.8792125e+01
-1.9143360e+01
-1.8968186e+01
-1.9031157e+01
-1.8902971e+01
-1.9002420e+01
-1.8913251e+01
-1.8786996e+01
-1.9180531e+01
-1.9441451e+01
-1.9030275e+01
-1.9309568e+01
-1.9775339e+01
-2.0263107e+01
-2.0403136e+01
-2.0108803e+01
-2.0414012e+01
-2.0623523e+01
-2.0561736e+01
-2.0712893e+01
-2.0520553e+01
-2.0072625e+01
-2.0473342e+01
-2.0603933e+01
-2.0719758e+01
-2.1115327e+01
-2.1410333e+01
-2.1334227e+01
-2.1356418e+01
-2.1160554e+01
-2.1595549e+01
-2.1875899e+01
-2.2121003e+01
-2.2137180e+01
-2.2394430e+01
-2.2137186e+01
-2.2559569e+01
-2.2466914e+01
-2.2494353e+01
-2.2359479e+01
-2.2710716e+01
-2.2582502e+01
-2.2925587e+01
-2.3288474e+01
-2.2908380e+01
-2.3060104e+01
-2.2796841e+01
-2.2396558e+01
-2.2243211e+01
-2.2646781e+01
-2.2653075e+01
-2.2390431e+01
-2.2503738e+01
-2.2258012e+01
-2.1954981e+01
-2.2288940e+01
-2.2043692e+01
-2.1987317e+01
-2.2353076e+01
-2.2024378e+01
-2.1862331e+01
-2.2082059e+01
-2.1784603e+01
-2.2034409e+01
-2.1650747e+01
-2.1295088e+01
-2.1135204e+01
-2.0866479e+01
-2.0913912e+01
-2.1092873e+01
-2.0755128e+01
-2.1170945e+01
-2.1025449e+01
-2.0594039e+01
-2.0192206e+01
-2.0031641e+01
-1.9834894e+01
-2.0027959e+01
-1.9921059e+01
-2.0390489e+01
-2.0018449e+01
-1.9618971e+01
-1.9230616e+01
-1.9250143e+01
-1.9595621e+01
-1.9477718e+01
-1.9394517e+01
-1.9092957e+01
-1.9230946e+01
-1.9725672e+01
-1.9736740e+01
-1.9536641e+01
-1.9202409e+01
-1.9437696e+01
-1.9679130e+01
-1.9351800e+01
-1.9387446e+01
-1.9198049e+01
-1.9655174e+01
-1.9634097e+01
-1.9561781e+01
-1.9118667e+01
-1.8712370e+01
-1.8973469e+01
-1.8994728e+01
-1.8664832e+01
-1.8321079e+01
-1.7856105e+01
-1.7685739e+01
-1.8121493e+01
-1.7956838e+01
-1.7972686e+01
-1.7882994e+01
-1.8163221e+01
-1.8642507e+01
-1.8316056e+01
-1.8703070e+01
-1.8894345e+01
-1.9064537e+01
-1.8921800e+01
-1.8737733e+01
-1.8556559e+01
-1.8620842e+01
-1.8647960e+01
-1.8315745e+01
-1.7818590e+01
-1.7357143e+01
-1.6980139e+01
-1.7028523e+01
-1.7252332e+01
-1.7170637e+01
-1.7621192e+01
-1.7187724e+01
-1.7535942e+01
-1.7595052e+01
-1.7765863e+01
-1.7535451e+01
-1.7335007e+01
-1.7378216e+01
-1.7215594e+01
-1.7146715e+01
-1.6775318e+01
-1.6979526e+01
-1.7233120e+01
-1.7520662e+01
-1.7717461e+01
-1.7533289e+01
-1.7103082e+01
-1.7130771e+01
-1.7328532e+01
-1.6953609e+01
-1.6714552e+01
-1.6996565e+01
-1.6655265e+01
-1.6709469e+01
-1.6964034e+01
-1.7262497e+01
-1.7246209e+01
-1.7626322e+01
-1.7802876e+01
-1.8049203e+01
-1.8366683e+01
-1.8846984e+01
-1.8489013e+01
-1.8971111e+01
-1.9382128e+01
-1.9435014e+01
-1.8969647e+01
-1.8957319e+01
-1.8771977e+01
-1.9073216e+01
-1.9209980e+01
-1.9511123e+01
-1.9462505e+01
-1.9672160e+01
-1.9879370e+01
-1.9796630e+01
-2.0050433e+01
-1.9872501e+01
-1.9868114e+01
-1.9756975e+01
-2.0046953e+01
-2.0019647e+01
-2.0327277e+01
-2.0006386e+01
-1.9632202e+01
-2.0118080e+01
-1.9906852e+01
-2.0258963e+01
-2.0263818e+01
-2.0112662e+01
-1.9805692e+01
-1.9435585e+01
-1.8966738e+01
-1.9048214e+01
-1.9504923e+01
-1.9880503e+01
-1.9624296e+01
-1.9555431e+01
-1.9120868e+01
-1.9360216e+01
-1.8870106e+01
-1.8472333e+01
-1.8659582e+01
-1.8252648e+01
-1.8243925e+01
-1.8430297e+01
-1.7970922e+01
-1.8372361e+01
-1.8109630e+01
-1.8503132e+01
-1.8731059e+01
-1.9088529e+01
-1.9446353e+01
-1.9909828e+01
-1.9655553e+01
-1.9710583e+01
-2.0125843e+01
-1.9975183e+01
-1.9599897e+01
-1.9822751e+01
-1.9406252e+01
-1.9648108e+01
-1.9212489e+01
-1.8961560e+01
-1.9229379e+01
-1.8850413e+01
-1.9116079e+01
-1.9350085e+01
-1.9197911e+01
-1.9093424e+01
-1.9000860e+01
-1.9466616e+01
-1.9837510e+01
-2.0081645e+01
-1.9675171e+01
-1.9788554e+01
-2.0266047e+01
-1.9901060e+01
-1.9776618e+01
-1.9978390e+01
-2.0352079e+01
-1.9996183e+01
-1.9952621e+01
-2.0277006e+01
-2.0642419e+01
-2.0657333e+01
-2.1092262e+01
-2.1435621e+01
-2.1669571e+01
-2.1825584e+01
-2.1453724e+01
-2.1309388e+01
-2.1488395e+01
-2.1376833e+01
-2.1357290e+01
-2.1405196e+01
-2.0926437e+01
-2.0959113e+01
-2.1432486e+01
-2.1219042e+01
-2.0877190e+01
-2.0588960e+01
-2.0617926e+01
-2.0185855e+01
-2.0263006e+01
-2.0155153e+01
-2.0044298e+01
-2.0034213e+01
-1.9912396e+01
-1.9438473e+01
-1.9532428e+01
-1.9248197e+01
-1.9477953e+01
-1.9747940e+01
-1.9516901e+01
-1.9867764e+01
-1.9735309e+01
-1.9370341e+01
-1.9683400e+01
-1.9685191e+01
-1.9351059e+01
-1.9807690e+01
-1.9988568e+01
-1.9590477e+01
-1.9575550e+01
-1.9799076e+01
-1.9476465e+01
-1.9137540e+01
-1.9316852e+01
-1.8952501e+01
-1.9201006e+01
-1.8817203e+01
-1.9311855e+01
-1.9707339e+01
-1.9226249e+01
-1.8846446e+01
-1.8438750e+01
-1.8588857e+01
-1.8584764e+01
-1.8563677e+01
-1.8615538e+01
-1.8951936e+01
-1.8535587e+01
-1.8621909e+01
-1.8695097e+01
-1.8288296e+01
-1.7801912e+01
-1.7863678e+01
-1.7669893e+01
-1.7959961e+01
-1.8407313e+01
-1.7935585e+01
-1.8374216e+01
-1.8496042e+01
-1.8493218e+01
-1.8732486e+01
-1.8848785e+01
-1.8544714e+01
-1.8615552e+01
-1.8996397e+01
-1.8523594e+01
-1.8898850e+01
-1.9113658e+01
-1.9105364e+01
-1.9540612e+01
-1.9638217e+01
-1.9431025e+01
-1.9820848e+01
-1.9328595e+01
-1.8932947e+01
-1.9034689e+01
-1.9180066e+01
-1.9071680e+01
-1.9477988e+01
-1.9884320e+01
-1.9788115e+01
-1.9349789e+01
-1.9727840e+01
-1.9347524e+01
-1.9662327e+01
-1.9802390e+01
-1.9614779e+01
-1.9247022e+01
-1.9121742e+01
-1.8826856e+01
-1.9234708e+01
-1.8792762e+01
-1.8938057e+01
-1.8727043e+01
-1.8914160e+01
-1.9274517e+01
-1.8781982e+01
-1.8523957e+01
-1.8116210e+01
-1.8240020e+01
-1.8280733e+01
-1.8197050e+01
-1.7909476e+01
-1.7663285e+01
-1.8159271e+01
-1.8443856e+01
-1.8230253e+01
-1.8494774e+01
-1.8546749e+01
-1.8133874e+01
-1.7829144e+01
-1.7805759e+01
-1.8248096e+01
-1.8689346e+01
-1.8844035e+01
-1.9220253e+01
-1.8771057e+01
-1.8472181e+01
-1.8222534e+01
-1.8626730e+01
-1.8480065e+01
-1.8428295e+01
-1.8879172e+01
-1.9242647e+01
-1.8858039e+01
-1.8873648e+01
-1.8417343e+01
-1.8161561e+01
-1.8596786e+01
-1.8539948e+01
-1.8588451e+01
-1.8636622e+01
-1.8355911e+01
-1.8165805e+01
-1.7807863e+01
-1.7598774e+01
-1.7381153e+01
-1.7399611e+01
-1.7331857e+01
-1.7442037e+01
-1.7676783e+01
-1.7441400e+01
-1.7593172e+01
-1.7316663e+01
-1.7517758e+01
-1.7973755e+01
-1.7666002e+01
-1.7477574e+01
-1.7676365e+01
-1.7264685e+01
-1.6913226e+01
-1.6836790e+01
-1.7321785e+01
-1.7646860e+01
-1.7819542e+01
-1.7831438e+01
-1.8211585e+01
-1.8100913e+01
-1.8448600e+01
-1.8856981e+01
-1.8847306e+01
-1.8794630e+01
-1.9263848e+01
-1.8850460e+01
-1.8360041e+01
-1.8249733e+01
-1.7858594e+01
-1.8290404e+01
-1.8758181e+01
-1.9245472e+01
-1.8946285e+01
-1.9300090e+01
-1.9322824e+01
-1.9454163e+01
-1.9550521e+01
-1.9273858e+01
-1.8946848e+01
-1.9197104e+01
-1.9429532e+01
-1.9921292e+01
-2.0368079e+01
-2.0534909e+01
-2.0795494e+01
-2.0582065e+01
-2.0655485e+01
-2.0350738e+01
-2.0094914e+01
-1.9819408e+01
-1.9737734e+01
-1.9465489e+01
-1.9147834e+01
-1.8794399e+01
-1.9102878e+01
-1.8672467e+01
-1.8905384e+01
-1.8625734e+01
-1.9055948e+01
-1.9054070e+01
-1.9031484e+01
-1.8814189e+01
-1.8783273e+01
-1.9103268e+01
-1.8983872e+01
-1.9438432e+01
-1.9041409e+01
-1.8626010e+01
-1.8907531e+01
-1.8410961e+01
-1.8408539e+01
-1.8884897e+01
-1.8983691e+01
-1.8510822e+01
-1.8033842e+01
-1.8017624e+01
-1.8347812e+01
-1.8183716e+01
-1.8071487e+01
-1.7650888e+01
-1.7501160e+01
-1.7408940e+01
-1.6947599e+01
-1.6899046e+01
-1.7227238e+01
-1.7083870e+01
-1.6611715e+01
-1.6357971e+01
-1.6762837e+01
-1.6779433e+01
-1.6506305e+01
-1.6291880e+01
-1.5987122e+01
-1.6182301e+01
-1.6206652e+01
-1.6014110e+01
-1.5845457e+01
-1.5401180e+01
-1.5558496e+01
-1.5651423e+01
-1.5719385e+01
-1.5892754e+01
-1.6366559e+01
-1.6396379e+01
-1.6598296e+01
-1.6174403e+01
-1.6013866e+01
-1.6122519e+01
-1.5814773e+01
-1.5345063e+01
-1.5026165e+01
-1.4806750e+01
-1.5006955e+01
-1.4671296e+01
-1.4511951e+01
-1.4193602e+01
-1.4595203e+01
-1.4529672e+01
-1.4442210e+01
-1.4634716e+01
-1.4651791e+01
-1.4932391e+01
-1.4859223e+01
-1.5321424e+01
-1.5316901e+01
-1.5248547e+01
-1.5357999e+01
-1.5254922e+01
-1.4808142e+01
-1.5264342e+01
-1.5035112e+01
-1.4743988e+01
-1.4652398e+01
-1.4201955e+01
-1.4090674e+01
-1.3746335e+01
-1.3559843e+01
-1.4000823e+01
-1.3813830e+01
-1.3418629e+01
-1.3717064e+01
-1.3244610e+01
-1.3005946e+01
-1.3447537e+01
-1.3660801e+01
-1.4092667e+01
-1.3768306e+01
-1.4140402e+01
-1.4202804e+01
-1.4485236e+01
-1.4578848e+01
-1.5073699e+01
-1.4683403e+01
-1.4732251e+01
-1.4863436e+01
-1.5336231e+01
-1.5780398e+01
-1.5534974e+01
-1.5916943e+01
-1.5841185e+01
-1.5694288e+01
-1.5609714e+01
-1.6000865e+01
-1.5733749e+01
-1.6047890e+01
-1.5725786e+01
-1.5648754e+01
-1.5928758e+01
-1.6180483e+01
-1.6549138e+01
-1.6532299e+01
-1.6685854e+01
-1.6334754e+01
-1.6283365e+01
-1.6000211e+01
-1.5673844e+01
-1.5518407e+01
-1.5520643e+01
-1.5789929e+01
-1.5637082e+01
-1.5896159e+01
-1.5668959e+01
-1.5884089e+01
-1.6372109e+01
-1.6167328e+01
-1.6111433e+01
-1.6206694e+01
-1.5945123e+01
-1.5788830e+01
-1.5423710e+01
-1.5846729e+01
-1.6021315e+01
-1.5775735e+01
-1.5287189e+01
-1.5049408e+01
-1.5396965e+01
-1.5265577e+01
-1.5293151e+01
-1.4969639e+01
-1.5232185e+01
-1.5384121e+01
-1.5789977e+01
-1.5852912e+01
-1.5813234e+01
-1.5971913e+01
-1.5941640e+01
-1.5818514e+01
-1.6173642e+01
-1.6039162e+01
-1.5952155e+01
-1.6186630e+01
-1.6288480e+01
-1.6606727e+01
-1.6107979e+01
-1.6453037e+01
-1.6413165e+01
-1.6244243e+01
-1.6209135e+01
-1.5715395e+01
-1.5939340e+01
-1.6030126e+01
-1.5995027e+01
-1.5694818e+01
-1.5235978e+01
-1.5225749e+01
-1.4967413e+01
-1.4945103e+01
-1.4690858e+01
-1.5130337e+01
-1.4834139e+01
-1.4864924e+01
-1.4367606e+01
-1.4500209e+01
-1.4995152e+01
-1.5190108e+01
-1.4871505e+01
-1.5104325e+01
-1.5412428e+01
-1.5861731e+01
-1.5475156e+01
-1.5492762e+01
-1.5619088e+01
-1.5161264e+01
-1.5263236e+01
-1.4970458e+01
-1.4854962e+01
-1.4620671e+01
-1.4568301e+01
-1.4177214e+01
-1.4275690e+01
-1.4178963e+01
-1.3891968e+01
-1.4259951e+01
-1.4275277e+01
-1.3960213e+01
-1.4274952e+01
-1.4402175e+01
-1.4247896e+01
-1.4484867e+01
-1.4839200e+01
-1.4980237e+01
-1.5264509e+01
-1.5289041e+01
-1.4899289e+01
-1.5293215e+01
-1.5759413e+01
-1.5519085e+01
-1.5216480e+01
-1.5135894e+01
-1.5487057e+01
-1.5441059e+01
-1.5036170e+01
-1.4687399e+01
-1.4260922e+01
-1.4445701e+01
-1.4099982e+01
-1.3805321e+01
-1.3848346e+01
-1.3907050e+01
-1.4317020e+01
-1.4740266e+01
-1.4939271e+01
-1.4885636e+01
-1.4936501e+01
-1.5126103e+01
-1.4809669e+01
-1.4742985e+01
-1.4417008e+01
-1.4480036e+01
-1.4486846e+01
-1.4273230e+01
-1.4059167e+01
-1.4236019e+01
-1.4536464e+01
-1.4462214e+01
-1.4762260e+01
-1.4572595e+01
-1.4768481e+01
-1.5147955e+01
-1.4685579e+01
-1.5020416e+01
-1.4658909e+01
-1.4188490e+01
-1.4448545e+01
-1.4750628e+01
-1.4383823e+01
-1.4764651e+01
-1.5052866e+01
-1.5345036e+01
-1.5007766e+01
-1.5056925e+01
-1.4987274e+01
-1.4788944e+01
-1.4566252e+01
-1.5064805e+01
-1.4853846e+01
-1.5175042e+01
-1.4866638e+01
-1.4871744e+01
-1.5346718e+01
-1.5385689e+01
-1.5174852e+01
-1.5446870e+01
-1.5214290e+01
-1.5539796e+01
-1.5136880e+01
-1.5378157e+01
-1.5346548e+01
-1.5512601e+01
-1.5655028e+01
-1.5287620e+01
-1.5617225e+01
-1.5932297e+01
-1.5526610e+01
-1.5314651e+01
-1.5200372e+01
-1.5075001e+01
-1.5085650e+01
-1.5204902e+01
-1.5097879e+01
-1.4953996e+01
-1.4679207e+01
-1.4603960e+01
-1.4275235e+01
-1.4374603e+01
-1.4821587e+01
-1.5049400e+01
-1.4752484e+01
-1.5055107e+01
-1.5254879e+01
-1.5525627e+01
-1.5286354e+01
-1.5543289e+01
-1.5262018e+01
-1.4922052e+01
-1.4654647e+01
-1.4729718e+01
-1.4538621e+01
-1.4779465e+01
-1.4452354e+01
-1.4384712e+01
-1.4746537e+01
-1.5223931e+01
-1.5076977e+01
-1.4706395e+01
-1.4780477e+01
-1.4431318e+01
-1.4190313e+01
-1.4448544e+01
-1.4047447e+01
-1.3576810e+01
-1.3585060e+01
-1.3397711e+01
-1.3549345e+01
-1.3329419e+01
-1.3162389e+01
-1.2695387e+01
-1.2691809e+01
-1.2310548e+01
-1.2757886e+01
-1.2295263e+01
-1.2345831e+01
-1.2055152e+01
-1.1821764e+01
-1.1808822e+01
-1.2186524e+01
-1.1927205e+01
-1.1595789e+01
-1.1508865e+01
-1.1304725e+01
-1.1302385e+01
-1.1693727e+01
-1.1870116e+01
-1.1429929e+01
-1.1041063e+01
-1.0721223e+01
-1.0931248e+01
-1.1014907e+01
-1.1297263e+01
-1.0940034e+01
-1.0760803e+01
-1.1249261e+01
-1.1500316e+01
-1.1448281e+01
-1.1415507e+01
-1.1725851e+01
-1.1657724e+01
-1.1202578e+01
-1.1308187e+01
-1.0956532e+01
-1.0459616e+01
-1.0505793e+01
-1.0965014e+01
-1.0826523e+01
-1.0657947e+01
-1.0565202e+01
-1.0911616e+01
-1.1024192e+01
-1.1176464e+01
-1.1659913e+01
-1.2154970e+01
-1.2228370e+01
-1.2111528e+01
-1.2557709e+01
-1.2703794e+01
-1.3133057e+01
-1.2918441e+01
-1.3070382e+01
-1.2668673e+01
-1.2662980e+01
-1.3101132e+01
-1.3302200e+01
-1.2823464e+01
-1.2981012e+01
-1.2728684e+01
-1.2565248e+01
-1.2508444e+01
-1.2665909e+01
-1.2943833e+01
-1.3127545e+01
-1.3099880e+01
-1.2613934e+01
-1.2324838e+01
-1.2216659e+01
-1.2599980e+01
-1.2349869e+01
-1.2053115e+01
-1.2332010e+01
-1.2688573e+01
-1.2890315e+01
-1.3137670e+01
-1.2668841e+01
-1.3034201e+01
-1.2801595e+01
-1.2465513e+01
-1.2105156e+01
-1.2245247e+01
-1.1995829e+01
-1.2156695e+01
-1.2263669e+01
-1.2408431e+01
-1.2595441e+01
-1.2886724e+01
-1.3035708e+01
-1.3224532e+01
-1.3475461e+01
-1.3191582e+01
-1.3081761e+01
-1.3389530e+01
-1.3342525e+01
-1.3560103e+01
-1.3557030e+01
-1.3157050e+01
-1.2836480e+01
-1.2690790e+01
-1.2882305e+01
-1.2771191e+01
-1.2501117e+01
-1.2172367e+01
-1.1679777e+01
-1.1454277e+01
-1.1765340e+01
-1.1949134e+01
-1.1833203e+01
-1.2188690e+01
-1.1998040e+01
-1.2133144e+01
-1.2338405e+01
-1.2579701e+01
-1.3006689e+01
-1.3425412e+01
-1.3084237e+01
-1.3114162e+01
-1.3530111e+01
-1.3584375e+01
-1.4063281e+01
-1.3662559e+01
-1.4127836e+01
-1.3637312e+01
-1.3546816e+01
-1.3075352e+01
-1.3340862e+01
-1.3485150e+01
-1.3506724e+01
-1.3513140e+01
-1.3152833e+01
-1.3616047e+01
-1.3949659e+01
-1.4044337e+01
-1.4371457e+01
-1.4684255e+01
-1.4195580e+01
-1.4033156e+01
-1.3746728e+01
-1.3729351e+01
-1.3309066e+01
-1.2895935e+01
-1.2516382e+01
-1.2382055e+01
-1.2479874e+01
-1.2046637e+01
-1.2535428e+01
-1.2288193e+01
-1.2678963e+01
-1.2592623e+01
-1.2365446e+01
-1.2315264e+01
-1.2758467e+01
-1.2418201e+01
-1.2234079e+01
-1.2213955e+01
-1.2155317e+01
-1.2297529e+01
-1.1986143e+01
-1.2365077e+01
-1.2502825e+01
-1.2829604e+01
-1.2871245e+01
-1.2634487e+01
-1.2581069e+01
-1.3079205e+01
-1.2964624e+01
-1.2802731e+01
-1.2644281e+01
-1.2996290e+01
-1.2854475e+01
-1.3134148e+01
-1.3140208e+01
-1.2899573e+01
-1.2613507e+01
-1.2273625e+01
-1.2299436e+01
-1.1863148e+01
-1.1594611e+01
-1.1281615e+01
-1.0958145e+01
-1.0815855e+01
-1.0496586e+01
-1.0664223e+01
-1.1114695e+01
-1.1158001e+01
-1.1212491e+01
-1.1415997e+01
-1.1663644e+01
-1.1399035e+01
-1.1795827e+01
-1.1803382e+01
-1.1769959e+01
-1.1281226e+01
-1.1262414e+01
-1.0833227e+01
-1.1131203e+01
-1.1147939e+01
-1.0948782e+01
-1.0573490e+01
-1.0257855e+01
-1.0655073e+01
-1.0208126e+01
-1.0620979e+01
-1.0333970e+01
-1.0504857e+01
-1.0877627e+01
-1.0556481e+01
-1.0445282e+01
-1.0264915e+01
-1.0081470e+01
-9.9049786e+00
-1.0212756e+01
-1.0138423e+01
-1.0263323e+01
-9.8583280e+00
-1.0117087e+01
-9.7297160e+00
-1.0051705e+01
-9.7241693e+00
-9.9877844e+00
-1.0435625e+01
-1.0502077e+01
-1.0380352e+01
-1.0625749e+01
-1.0531507e+01
-1.0669765e+01
-1.0852553e+01
-1.1276549e+01
-1.1045752e+01
-1.0648075e+01
-1.0388559e+01
-1.0675445e+01
-1.1039261e+01
-1.1351236e+01
-1.1499496e+01
-1.1721964e+01
-1.2050472e+01
-1.1893956e+01
-1.2301313e+01
-1.2423077e+01
-1.2789514e+01
-1.2667841e+01
-1.3151797e+01
-1.2801650e+01
-1.2820830e+01
-1.2717767e+01
-1.2764723e+01
-1.3243719e+01
-1.3548607e+01
-1.3322986e+01
-1.3725238e+01
-1.3750493e+01
-1.3311745e+01
-1.2851555e+01
-1.2846564e+01
-1.3057467e+01
-1.2796411e+01
-1.3296050e+01
-1.3244070e+01
-1.3425320e+01
-1.3738294e+01
-1.4124182e+01
-1.4220541e+01
-1.4162030e+01
-1.4056200e+01
-1.3594312e+01
-1.3673250e+01
-1.3589601e+01
-1.3606884e+01
-1.3278511e+01
-1.3771699e+01
-1.3447899e+01
-1.3565760e+01
-1.3157085e+01
-1.2920731e+01
-1.3253698e+01
-1.3581638e+01
-1.3582865e+01
-1.3489852e+01
-1.3126536e+01
-1.2742146e+01
-1.2717772e+01
-1.2275627e+01
-1.2472529e+01
-1.2572075e+01
-1.2468866e+01
-1.2030996e+01
-1.1709946e+01
-1.1461366e+01
-1.1377140e+01
-1.1376878e+01
-1.0918183e+01
-1.0644503e+01
-1.0611381e+01
-1.0707441e+01
-1.0840824e+01
-1.0423052e+01
-1.0510965e+01
-1.0942557e+01
-1.0542883e+01
-1.0789405e+01
-1.1066573e+01
-1.1551687e+01
-1.1808967e+01
-1.1908611e+01
-1.1582886e+01
-1.1773778e+01
-1.1390119e+01
-1.1319522e+01
-1.1065636e+01
-1.0615238e+01
-1.0927027e+01
-1.0738375e+01
-1.0776598e+01
-1.0666980e+01
-1.1060136e+01
-1.1423334e+01
-1.1285788e+01
-1.1650430e+01
-1.1538798e+01
-1.1097332e+01
-1.1186911e+01
-1.0690435e+01
-1.0667159e+01
-1.1156287e+01
-1.1349888e+01
-1.1424099e+01
-1.1426836e+01
-1.1185378e+01
-1.1351916e+01
-1.1683156e+01
-1.1751976e+01
-1.1936001e+01
-1.2187501e+01
-1.1753695e+01
-1.1945088e+01
-1.2231307e+01
-1.2343310e+01
-1.2073352e+01
-1.1895107e+01
-1.1815117e+01
-1.1333009e+01
-1.1044941e+01
-1.1409904e+01
-1.1844127e+01
-1.2164263e+01
-1.2212846e+01
-1.1915510e+01
-1.1424166e+01
-1.1505797e+01
-1.1510465e+01
-1.1074163e+01
-1.1363197e+01
-1.0904000e+01
-1.0938263e+01
-1.0510579e+01
-1.0152475e+01
-1.0160256e+01
-1.0200874e+01
-1.0679685e+01
-1.0743525e+01
-1.1023355e+01
-1.1288524e+01
-1.0798917e+01
-1.0633121e+01
-1.0207771e+01
-1.0375677e+01
-1.0803342e+01
-1.1151171e+01
-1.1067504e+01
-1.0607259e+01
-1.0349621e+01
-1.0161360e+01
-9.8749155e+00
-9.7153034e+00
-9.4039000e+00
-8.9407108e+00
-8.6229716e+00
-9.0032518e+00
-8.8888467e+00
-8.7447144e+00
-8.9790003e+00
-8.6020581e+00
-8.9915639e+00
-8.7685198e+00
-8.5208699e+00
-8.5601168e+00
-8.3667957e+00
-7.9043240e+00
-7.4536581e+00
-7.3430709e+00
-7.6621994e+00
-7.8911841e+00
-8.0914908e+00
-8.3721635e+00
-8.4124281e+00
-8.1627027e+00
-7.7311683e+00
-7.5026699e+00
-7.7415780e+00
-8.0806965e+00
-8.0614472e+00
-8.3529534e+00
-7.8803577e+00
-8.0070018e+00
-8.4301311e+00
-8.8744866e+00
-9.1026114e+00
-8.6937603e+00
-8.2844790e+00
-7.9289432e+00
-7.5605998e+00
-7.1890466e+00
-7.1507324e+00
-7.6456888e+00
-7.5104310e+00
-7.9967075e+00
-8.0106130e+00
-7.7220263e+00
-7.5871783e+00
-7.2285940e+00
-7.2245689e+00
-6.9208225e+00
-7.3850556e+00
-6.9221432e+00
-7.1680848e+00
-7.2091475e+00
-7.6755798e+00
-7.3292081e+00
-6.8829052e+00
-6.7308717e+00
-7.1026263e+00
-6.8311676e+00
-7.1934519e+00
-7.5478652e+00
-7.5079722e+00
-7.8060760e+00
-7.3642156e+00
-7.7769211e+00
-7.5050840e+00
-7.2469702e+00
-7.6620811e+00
-7.4037613e+00
-7.7264692e+00
-7.2296783e+00
-7.5745980e+00
-7.8113028e+00
-7.7119132e+00
-7.7985819e+00
-8.0381125e+00
-8.1982272e+00
-7.7786180e+00
-7.5816844e+00
-7.9033308e+00
-8.1931834e+00
-8.6462749e+00
-8.6432654e+00
-9.0945890e+00
-8.9452141e+00
-8.9522229e+00
-9.3243074e+00
-9.5959001e+00
-9.7497764e+00
-9.7654927e+00
-1.0103995e+01
-1.0599458e+01
-1.0437187e+01
-1.0904030e+01
-1.0959381e+01
-1.1101335e+01
-1.0647989e+01
-1.0983076e+01
-1.0837311e+01
-1.1182233e+01
-1.1248837e+01
-1.1667031e+01
-1.2055969e+01
-1.1889495e+01
-1.2145947e+01
-1.1830068e+01
-1.2009696e+01
-1.2395961e+01
-1.1936095e+01
-1.1618810e+01
-1.1549900e+01
-1.1245569e+01
-1.0761282e+01
-1.0509096e+01
-1.0902201e+01
-1.0447527e+01
-1.0933585e+01
-1.0549148e+01
-1.0621177e+01
-1.0266238e+01
-1.0340469e+01
-1.0584689e+01
-1.0539781e+01
-1.0689487e+01
-1.0722494e+01
-1.1036626e+01
-1.1494085e+01
-1.1031850e+01
-1.0603816e+01
-1.1023411e+01
-1.0864914e+01
-1.0843269e+01
-1.0358443e+01
-1.0819477e+01
-1.0750392e+01
-1.0651812e+01
-1.0388241e+01
-1.0106229e+01
-9.8833411e+00
-9.6568740e+00
-9.8415660e+00
-1.0117725e+01
-9.8201896e+00
-9.4635713e+00
-9.4044323e+00
-9.8183909e+00
-9.6720774e+00
-9.8856314e+00
-9.6921531e+00
-9.3309848e+00
-8.8808777e+00
-8.6040845e+00
-8.6099249e+00
-8.7669283e+00
-8.4486140e+00
-8.4943667e+00
-8.5552135e+00
-8.8353245e+00
-9.0788497e+00
-9.1776250e+00
-9.1995242e+00
-8.7026180e+00
-8.3870762e+00
-8.4985362e+00
-8.5938093e+00
-8.4519874e+00
-8.2651890e+00
-8.5339904e+00
-8.3108135e+00
-7.9187815e+00
-7.9780497e+00
-7.6977592e+00
-7.6905575e+00
-7.2410080e+00
-7.1035831e+00
-7.1045414e+00
-6.8780995e+00
-7.2110465e+00
-7.2450068e+00
-7.2029965e+00
-6.9184513e+00
-6.4481717e+00
-6.3565010e+00
-6.8440333e+00
-6.4209783e+00
-5.9802962e+00
-5.6601086e+00
-5.3844729e+00
-5.6172807e+00
-5.1499474e+00
-5.1586742e+00
-5.1532442e+00
-4.8129781e+00
-4.8740112e+00
-4.8450590e+00
-4.4133673e+00
-4.4896472e+00
-4.5260938e+00
-4.4690367e+00
-4.1031870e+00
-4.5609170e+00
-4.8805896e+00
-4.6759791e+00
-4.6792552e+00
-4.7450508e+00
-4.5392001e+00
-4.4911623e+00
-4.5742619e+00
-4.2425397e+00
-4.7117653e+00
-4.4426399e+00
-4.2966350e+00
-3.9974797e+00
-4.1686453e+00
-4.3449111e+00
-4.8261621e+00
-4.4537557e+00
-4.2774599e+00
-3.9474970e+00
-4.1414885e+00
-4.1635122e+00
-4.4795494e+00
-4.8780001e+00
-4.7106201e+00
-4.4201966e+00
-4.7193061e+00
-4.9404466e+00
-5.1306317e+00
-5.3511526e+00
-5.0160077e+00
-4.8283706e+00
-5.2400451e+00
-5.0414163e+00
-4.6710383e+00
-4.8326703e+00
-4.7019181e+00
-4.9017602e+00
-5.1143872e+00
-4.6551772e+00
-4.8121222e+00
-4.7264476e+00
-4.3635709e+00
-4.6396416e+00
-4.2338704e+00
-4.2539237e+00
-4.3083548e+00
-4.2689531e+00
-4.1393572e+00
-3.9835229e+00
-3.8998081e+00
-3.9204130e+00
-3.9398027e+00
-3.6305754e+00
-3.8280344e+00
-4.1869693e+00
-4.3254634e+00
-4.0068241e+00
-3.5132534e+00
-3.3749579e+00
-3.7575130e+00
-4.0399420e+00
-4.2847695e+00
-4.1277822e+00
-4.4859286e+00
-4.7130112e+00
-4.3430183e+00
-4.3549799e+00
-4.3931540e+00
-4.5318427e+00
-4.9776701e+00
-4.5978441e+00
-4.8011053e+00
-4.4507110e+00
-4.0038385e+00
-3.5983662e+00
-3.7322302e+00
-4.0874307e+00
-3.7993734e+00
-4.2557871e+00
-4.7362786e+00
-4.9655233e+00
-4.6633998e+00
-5.1298861e+00
-4.6672393e+00
-4.7528928e+00
-5.1506828e+00
-5.2373602e+00
-5.4844533e+00
-5.4391426e+00
-5.7203059e+00
-5.5121019e+00
-5.8109360e+00
-5.9692947e+00
-6.4656303e+00
-6.8491727e+00
-6.8737316e+00
-7.3241882e+00
-6.8434764e+00
-6.6330956e+00
-7.0895302e+00
-6.7721269e+00
-6.2944751e+00
-5.8447613e+00
-5.9525122e+00
-5.6051475e+00
-6.0784626e+00
-5.6651664e+00
-5.5432655e+00
-5.7977550e+00
-5.6284692e+00
-5.2362956e+00
-5.6517969e+00
-6.1512171e+00
-5.9633445e+00
-6.2056141e+00
-6.4451647e+00
-6.1740719e+00
-6.0677299e+00
-5.6572466e+00
-6.1299724e+00
-5.8285605e+00
-6.0711397e+00
-5.9058833e+00
-6.3040067e+00
-6.0902241e+00
-5.6581529e+00
-5.5956719e+00
-5.4680453e+00
-5.5799021e+00
-5.5944854e+00
-5.3338504e+00
-4.9837996e+00
-5.0609937e+00
-5.3065980e+00
-5.3198125e+00
-5.2057152e+00
-5.5493120e+00
-5.3534569e+00
-5.5301776e+00
-5.0952140e+00
-4.9307007e+00
-4.5324493e+00
-4.8178873e+00
-4.4127436e+00
-4.7419441e+00
-4.6845465e+00
-5.1501220e+00
-4.9069557e+00
-5.3584336e+00
-5.2816380e+00
-5.0535468e+00
-4.8512899e+00
-4.4568131e+00
-4.6454619e+00
-4.5634280e+00
-4.6209145e+00
-4.2667130e+00
-3.9337853e+00
-4.1139688e+00
-3.7404723e+00
-4.0909572e+00
-3.7225489e+00
-4.1187619e+00
-4.1275279e+00
-3.7818330e+00
-3.2839826e+00
-3.7119680e+00
-3.8094046e+00
-3.7959366e+00
-3.8910238e+00
-4.1618007e+00
-4.2904588e+00
-3.8764518e+00
-4.1915596e+00
-3.8620143e+00
-4.3049104e+00
-4.0433892e+00
-4.0311164e+00
-4.3513471e+00
-4.6506818e+00
-4.4944077e+00
-4.5164834e+00
-4.2540119e+00
-4.3943988e+00
-4.5618715e+00
-4.6925760e+00
-4.5638223e+00
-4.2866761e+00
-4.2726452e+00
-3.8143716e+00
-3.8504004e+00
-3.9552183e+00
-4.0980542e+00
-4.5368349e+00
-4.3668327e+00
-4.2348638e+00
-4.2838292e+00
-3.9813963e+00
-4.0443240e+00
-4.2361518e+00
-4.5777570e+00
-4.9630363e+00
-4.9560075e+00
-4.9752243e+00
-5.4232782e+00
-5.2092004e+00
-5.1184948e+00
-5.5733056e+00
-5.1672152e+00
-5.4426809e+00
-5.8806917e+00
-6.0683192e+00
-6.0104858e+00
-6.3171812e+00
-6.3667246e+00
-6.8134011e+00
-6.3477616e+00
-5.9241353e+00
-5.7418895e+00
-6.1312730e+00
-5.7276211e+00
-5.4469360e+00
-5.0792311e+00
-5.5363888e+00
-5.2385370e+00
-4.7717787e+00
-4.3896814e+00
-4.8000895e+00
-4.3302868e+00
-3.9625295e+00
-4.2677135e+00
-4.5056261e+00
-4.4038990e+00
-3.9993882e+00
-4.4427208e+00
-4.4406854e+00
-4.1847318e+00
-3.8107211e+00
-3.4957544e+00
-3.8503057e+00
-3.9286597e+00
-4.2837987e+00
-3.7878896e+00
-3.7893515e+00
-3.5668430e+00
-3.3231988e+00
-3.3003742e+00
-2.9946477e+00
-3.2357103e+00
-3.0037857e+00
-3.4238173e+00
-3.6940639e+00
-4.0165150e+00
-4.0858827e+00
-3.6278912e+00
-4.1093321e+00
-4.5616512e+00
-4.5432028e+00
-4.0566067e+00
-4.4493930e+00
-4.1591821e+00
-4.2431060e+00
-4.3015560e+00
-4.3254578e+00
-4.7503857e+00
-4.7997768e+00
-4.4148998e+00
-4.4941391e+00
-4.7736396e+00
-4.6387093e+00
-4.8770890e+00
-4.7880584e+00
-4.7923212e+00
-4.2929897e+00
-4.7608189e+00
-5.1622660e+00
-5.2419428e+00
-5.1417843e+00
-5.1044087e+00
-5.0244264e+00
-4.6274713e+00
-5.1047820e+00
-4.6801976e+00
-4.8614491e+00
-4.5982636e+00
-4.8792791e+00
-5.2195869e+00
-5.5407121e+00
-5.4511801e+00
-5.3943516e+00
-5.2208169e+00
-4.8661749e+00
-4.5456363e+00
-4.5556983e+00
-4.5978409e+00
-4.2472397e+00
-4.2960381e+00
-4.2906250e+00
-4.7829520e+00
-5.1844042e+00
-5.4382207e+00
-5.3601758e+00
-4.9991800e+00
-4.5697990e+00
-4.3285903e+00
-4.7938485e+00
-4.7241613e+00
-4.7874316e+00
-5.1093847e+00
-5.1050806e+00
-5.1526628e+00
-4.8284978e+00
-4.9951031e+00
-5.4613256e+00
-5.3087698e+00
-5.6696216e+00
-5.7014479e+00
-5.2620402e+00
-5.0712309e+00
-4.6734153e+00
-5.1200890e+00
-5.5097030e+00
-5.7283619e+00
-5.3419941e+00
-5.3675196e+00
-5.4127862e+00
-5.6154700e+00
-5.5573884e+00
-5.1338097e+00
-5.0632200e+00
-4.8683522e+00
-5.1011428e+00
-4.8264497e+00
-5.2089308e+00
-4.7242989e+00
-4.9470269e+00
-4.9041829e+00
-5.3135732e+00
-5.0951410e+00
-5.4069966e+00
-5.5260641e+00
-5.5140121e+00
-5.0204000e+00
-4.5811318e+00
-4.1446716e+00
-4.0725361e+00
-3.5862311e+00
-3.9790891e+00
-4.4489752e+00
-4.8025416e+00
-5.2634197e+00
-4.8680785e+00
-5.0086703e+00
-5.4994652e+00
-5.4754425e+00
-5.1891606e+00
-4.7226624e+00
-4.7651935e+00
-4.5644445e+00
-4.1278344e+00
-3.7082438e+00
-3.4306534e+00
-3.2193029e+00
-3.2879377e+00
-3.5762911e+00
-3.2696452e+00
-3.4687624e+00
-3.8440783e+00
-4.0578302e+00
-4.0651092e+00
-4.3297683e+00
-4.5317791e+00
-4.9700053e+00
-4.9231682e+00
-4.5754793e+00
-5.0307240e+00
-5.3544509e+00
-5.7955519e+00
-6.0389901e+00
-6.2089089e+00
-5.7868824e+00
-5.4998864e+00
-5.7649209e+00
-6.2403520e+00
-6.6787377e+00
-6.5699371e+00
-6.2902535e+00
-6.5103764e+00
-6.2133593e+00
-6.3949600e+00
-6.5080348e+00
-6.6861792e+00
-7.0218987e+00
-6.6064882e+00
-6.8738602e+00
-6.4595505e+00
-6.0373289e+00
-6.2260120e+00
-6.0858995e+00
-5.9931641e+00
-6.1439631e+00
-6.5067359e+00
-6.5054563e+00
-6.0730387e+00
-5.6834980e+00
-5.5159021e+00
-5.4720529e+00
-5.4980817e+00
-5.2076006e+00
-5.4752410e+00
-5.4620003e+00
-4.9897055e+00
-5.2331583e+00
-4.8908060e+00
-4.5782954e+00
-5.0303188e+00
-5.4430437e+00
-5.1707802e+00
-4.9659677e+00
-5.0820189e+00
-5.1173627e+00
-4.7330475e+00
-4.7247409e+00
-5.0505118e+00
-4.7991426e+00
-4.4414474e+00
-4.4451443e+00
-4.7947663e+00
-4.8852739e+00
-4.9362774e+00
-5.1572973e+00
-5.5791215e+00
-5.9839422e+00
-5.7370439e+00
-6.0286258e+00
-5.8656925e+00
-5.6616070e+00
-6.0924444e+00
-6.3346569e+00
-6.0411633e+00
-5.7679752e+00
-5.8033653e+00
-6.0950333e+00
-6.5803637e+00
-6.9195330e+00
-6.8112112e+00
-6.6437010e+00
-6.2298669e+00
-6.0012323e+00
-5.6970519e+00
-5.5011723e+00
-5.1545729e+00
-5.0226766e+00
-4.6738802e+00
-4.8907524e+00
-4.9298309e+00
-5.1176115e+00
-4.6348760e+00
-4.9361400e+00
-4.7675224e+00
-4.4072901e+00
-4.8858817e+00
-4.3898785e+00
-4.7544801e+00
-5.0326308e+00
-4.9607435e+00
-5.1587331e+00
-5.5770337e+00
-5.4445694e+00
-4.9487090e+00
-5.0750134e+00
-5.0941559e+00
-5.0833157e+00
-4.8328116e+00
-4.6027752e+00
-4.7359080e+00
-4.2967473e+00
-4.6655382e+00
-4.8433119e+00
-5.1644190e+00
-5.1819957e+00
-4.8456387e+00
-4.9537034e+00
-4.7186385e+00
-4.7499123e+00
-4.8076640e+00
-4.5334503e+00
-4.5781153e+00
-4.8337306e+00
-4.9666338e+00
-5.2912707e+00
-5.0785476e+00
-5.2945043e+00
-4.8862449e+00
-5.1614505e+00
-5.2538213e+00
-4.9410936e+00
-4.6331380e+00
-4.8653187e+00
-4.5684222e+00
-4.5534640e+00
-4.8825647e+00
-4.8642113e+00
-4.5174749e+00
-4.7484694e+00
-4.9929987e+00
-4.6586756e+00
-4.5857113e+00
-4.2363470e+00
-4.0496211e+00
-4.3896405e+00
-4.1907061e+00
-3.8266027e+00
-3.8665734e+00
-3.8536100e+00
-3.9732983e+00
-3.7102536e+00
-3.9328066e+00
-4.2440389e+00
-4.2552328e+00
-4.6872132e+00
-5.1458333e+00
-5.0042219e+00
-5.2110451e+00
-5.2474666e+00
-5.1990457e+00
-4.8283435e+00
-5.1058451e+00
-5.6055699e+00
-5.5580568e+00
-5.8663348e+00
-6.0604782e+00
-5.8526372e+00
-6.0808149e+00
-6.2936310e+00
-5.9444793e+00
-6.0743555e+00
-5.6701155e+00
-5.6755782e+00
-6.1039091e+00
-6.4452942e+00
-6.4175731e+00
-6.5580050e+00
-6.1426298e+00
-5.7962448e+00
-5.5785759e+00
-5.2220872e+00
-5.1942272e+00
-5.5322271e+00
-5.8617174e+00
-6.0245161e+00
-6.4977215e+00
-6.4606461e+00
-6.7658801e+00
-7.0572103e+00
-6.9563072e+00
-7.1486575e+00
-7.5815555e+00
-7.7306468e+00
-7.8455155e+00
-7.4252891e+00
-7.7329993e+00
-7.9248984e+00
-7.5995147e+00
-7.8245843e+00
-7.5641133e+00
-7.5124263e+00
-7.9418786e+00
-7.4791957e+00
-7.7446977e+00
-7.5539125e+00
-7.1410870e+00
-7.3696838e+00
-7.7665516e+00
-7.3790413e+00
-7.1635037e+00
-7.1602773e+00
-7.6564520e+00
-7.2794311e+00
-7.4037382e+00
-7.1862803e+00
-7.2246604e+00
-6.7551489e+00
-6.3704168e+00
-6.0905775e+00
-5.8789599e+00
-6.1460937e+00
-6.0882122e+00
-6.3219077e+00
-6.6360153e+00
-6.4331704e+00
-6.0658287e+00
-5.7917222e+00
-5.3936818e+00
-5.3190286e+00
-5.3496494e+00
-5.1099204e+00
-5.2722014e+00
-5.5724132e+00
-5.4110468e+00
-5.8148245e+00
-5.3670485e+00
-5.8521617e+00
-5.4123401e+00
-5.2553704e+00
-5.0668501e+00
-5.0516048e+00
-4.8110009e+00
-4.9140319e+00
-4.7372211e+00
-5.0480695e+00
-4.8588110e+00
-4.7010448e+00
-4.4230547e+00
-4.8541846e+00
-4.8041519e+00
-5.0207987e+00
-4.9169757e+00
-4.5333963e+00
-4.9135006e+00
-5.1736675e+00
-4.8583419e+00
-5.2583116e+00
-5.5284096e+00
-5.1181125e+00
-5.5340315e+00
-5.4681046e+00
-5.3776951e+00
-5.5024185e+00
-5.9656386e+00
-6.2148121e+00
-6.3301354e+00
-6.2190824e+00
-6.3850775e+00
-6.2996492e+00
-6.2976548e+00
-6.3265408e+00
-6.2457495e+00
-6.6923054e+00
-6.9969576e+00
-6.7446416e+00
-7.0064887e+00
-6.6867982e+00
-6.3609486e+00
-6.3045083e+00
-6.5703063e+00
-7.0384536e+00
-7.1037965e+00
-6.8708510e+00
-6.4580069e+00
-6.2974886e+00
-6.5958407e+00
-6.1174673e+00
-6.1139747e+00
-5.8833210e+00
-5.7205995e+00
-5.3233814e+00
-5.2009057e+00
-5.4794945e+00
-5.5843456e+00
-5.1340183e+00
-5.0552538e+00
-5.3893966e+00
-5.2538260e+00
-5.1507784e+00
-5.5111252e+00
-5.2604345e+00
-5.1350335e+00
-5.5724709e+00
-5.2217474e+00
-5.3725898e+00
-5.6245504e+00
-5.2285477e+00
-5.5232913e+00
-5.6246034e+00
-5.3364108e+00
-5.7739916e+00
-5.6809725e+00
-5.4225217e+00
-5.8521863e+00
-6.3300126e+00
-6.2388232e+00
-5.7644925e+00
-6.2144379e+00
-5.9118412e+00
-5.7271160e+00
-6.1895403e+00
-6.2532345e+00
-6.3853391e+00
-6.0893602e+00
-5.7967254e+00
-5.7137851e+00
-5.8541545e+00
-6.0770079e+00
-6.0913243e+00
-6.4942047e+00
-6.7715249e+00
-6.6656382e+00
-6.3872102e+00
-6.4651796e+00
-6.1944695e+00
-6.0413606e+00
-5.8262444e+00
-5.9461795e+00
-6.3686137e+00
-6.6134301e+00
-6.9905860e+00
-6.7898014e+00
-6.4865158e+00
-6.5120910e+00
-6.6104240e+00
-6.6825834e+00
-6.7165704e+00
-7.0680245e+00
-6.8972478e+00
-7.0537057e+00
-6.5547901e+00
-6.3765416e+00
-5.9946374e+00
-5.9857181e+00
-6.1652504e+00
-6.0697156e+00
-6.0981167e+00
-6.1030332e+00
-6.4093706e+00
-6.0325860e+00
-6.1050829e+00
-6.2430863e+00
-6.4494282e+00
-6.3654340e+00
-6.3439759e+00
-6.6645062e+00
-7.1022580e+00
-7.2243002e+00
-7.4198069e+00
-7.5879750e+00
-7.2484132e+00
-7.4954329e+00
-7.6972822e+00
-8.0536989e+00
-8.0375650e+00
-8.3294505e+00
-8.7373966e+00
-8.4172446e+00
-8.7021978e+00
-8.6656696e+00
-8.5919512e+00
-8.6320058e+00
-8.2774922e+00
-7.9055388e+00
-7.8755928e+00
-7.5770629e+00
-7.7966649e+00
-8.1250569e+00
-8.4489919e+00
-8.8889905e+00
-8.6914114e+00
-8.7890474e+00
-8.5157373e+00
-9.0048273e+00
-8.8940538e+00
-8.4208515e+00
-8.7272897e+00
-8.5003915e+00
-8.3480036e+00
-8.7492061e+00
-9.1379362e+00
-8.8503311e+00
-8.6400678e+00
-8.9549183e+00
-8.7725902e+00
-8.9014399e+00
-9.3460509e+00
-9.2886542e+00
-9.6181194e+00
-9.1326856e+00
-8.7314044e+00
-8.2838529e+00
-7.9821445e+00
-7.6853474e+00
-8.1067565e+00
-8.5959996e+00
-8.8809234e+00
-8.9459970e+00
-8.7481948e+00
-8.9672253e+00
-8.9564450e+00
-8.8959111e+00
-9.2640462e+00
-9.0109602e+00
-9.1682452e+00
-9.1437885e+00
-9.5145104e+00
-9.2485222e+00
-9.4653994e+00
-9.8556345e+00
-9.7516427e+00
-9.5220892e+00
