-1.2938716e+01
-1.3321502e+01
-1.3211279e+01
-1.3874898e+01
-1.3830911e+01
-1.5630381e+01
-1.3780483e+01
-1.4171261e+01
-1.3766536e+01
-1.3363517e+01
-1.3066205e+01
-1.2648790e+01
-1.3833328e+01
-1.2600470e+01
-1.2987146e+01
-1.3262897e+01
-1.1208691e+01
-1.3265210e+01
-1.3028537e+01
-1.2714205e+01
-1.2783108e+01
-1.2655574e+01
-1.2655272e+01
-1.2135928e+01
-1.1957498e+01
-1.2090027e+01
-1.1587550e+01
-1.1556329e+01
-1.1137284e+01
-1.1237776e+01
-1.1494479e+01
-1.1170258e+01
-1.0810187e+01
-1.1988267e+01
-1.1097621e+01
-1.1124545e+01
-1.1350781e+01
-1.2366486e+01
-1.1292440e+01
-1.0816820e+01
-1.0897687e+01
-1.0541047e+01
-1.0558788e+01
-1.0080034e+01
-1.0552519e+01
-1.2499992e+01
-1.0812827e+01
-1.1015145e+01
-1.0696492e+01
-1.0865023e+01
-1.0601116e+01
-1.0361700e+01
-0.9987779e+01
-9.7612433e+00
-1.0015969e+01
-1.0338152e+01
-1.0709692e+01
-1.0706047e+01
-1.0650111e+01
-1.0312878e+01
-1.0276489e+01
-1.0001232e+01
-9.7561968e+00
-9.6275023e+00
-9.6267136e+00
-1.0038100e+01
-9.7445186e+00
-9.2982400e+00
-9.7819433e+00
-9.9089446e+00
-1.0012108e+01
-1.0710008e+01
-9.9651932e+00
-1.0122155e+01
-1.0784754e+01
-1.0362833e+01
-1.0191924e+01
-1.0144199e+01
-9.9255718e+00
-9.3225892e+00
-9.6114348e+00
-9.6216768e+00
-9.7346642e+00
-9.8100458e+00
-9.2701509e+00
-9.1724885e+00
-8.7486385e+00
-9.1969511e+00
-9.5121749e+00
-9.8609825e+00
-9.4362430e+00
-9.2614752e+00
-9.7451411e+00
-1.0046908e+01
-1.0439334e+01
-1.0183699e+01
-1.0148696e+01
-1.0553566e+01
-1.0650207e+01
-1.0862294e+01
-1.0628193e+01
-1.0517651e+01
-1.1016645e+01
-1.0844507e+01
-1.0805067e+01
-1.0368251e+01
-1.0178195e+01
-1.0445023e+01
-1.0487901e+01
-1.0160827e+01
-1.0644460e+01
-1.0330990e+01
-1.0586134e+01
-1.0916799e+01
-1.0602238e+01
-1.0670148e+01
-1.0410673e+01
-1.0399359e+01
-1.0197424e+01
-1.0479929e+01
-1.0122798e+01
-1.0215921e+01
-8.7731429e+00
-9.7962493e+00
-1.0060291e+01
-1.0179457e+01
-9.9182766e+00
-9.9658209e+00
