3.2051617e-01
1.0989108e-02
-4.5260941e-01
-5.2742380e-01
-1.7500995e-01
-5.7483475e-01
-6.3224931e-01
-1.0667728e+00
-8.1050053e-01
-1.2339343e+00
-9.5597166e-01
-5.1308514e-01
-5.2408302e-01
-7.8993511e-01
-1.0492781e+00
-1.1549912e+00
-1.4996803e+00
-1.9177214e+00
-1.6307865e+00
-2.0670289e+00
-1.6680389e+00
-1.6364248e+00
-1.3287435e+00
-9.3226897e-01
-4.5781916e-01
-7.6521543e-01
-6.3694519e-01
-4.6269354e-01
-4.6727967e-01
-6.1525105e-01
-3.1687615e-01
-3.3262064e-02
-4.0420002e-02
-4.4147152e-01
-5.2365718e-01
-4.9957096e-01
-9.5292363e-01
-1.0272375e+00
-9.8078082e-01
-1.2147382e+00
-8.4351587e-01
-1.0413186e+00
-1.4944609e+00
-1.1315141e+00
-1.2888779e+00
-1.4324924e+00
-1.0369729e+00
-1.3932684e+00
-1.6818311e+00
-1.2400095e+00
-1.2273912e+00
-8.1761527e-01
-1.0363907e+00
-1.0918375e+00
-5.9192286e-01
-4.2606667e-01
-3.7336153e-01
1.0498076e-01
2.9852139e-01
-4.0286475e-02
7.9931427e-02
-2.6156394e-01
-5.0123139e-01
-4.4038860e-01
-5.3456224e-01
-1.7720962e-01
-1.1145180e-01
-4.9632060e-01
-7.8945647e-01
-5.6111945e-01
-1.0026924e+00
-1.3675344e+00
-1.3482544e+00
-9.2757294e-01
-1.0937024e+00
-1.2981675e+00
-8.5456795e-01
-4.9576941e-01
-5.2855183e-01
-2.6164586e-01
5.3792385e-02
-4.4607179e-02
1.2431492e-01
6.0095959e-01
3.5039410e-01
8.4686501e-01
5.5656293e-01
1.5914086e-01
-1.0598155e-01
-2.1767123e-01
-3.4717053e-01
-2.3911034e-02
1.0945908e-01
3.6720162e-01
4.3536862e-01
8.5384143e-02
3.4921426e-01
8.1507035e-01
7.4673525e-01
9.9471151e-01
9.3630784e-01
1.3619383e+00
8.7873907e-01
1.0693590e+00
8.8823528e-01
4.6077900e-01
5.9788240e-01
2.6173864e-01
4.3940794e-01
4.4176072e-01
4.1575085e-03
-2.7988721e-01
-5.2937051e-01
-4.7113261e-01
-4.6292134e-01
-9.3602387e-01
-1.2496426e+00
-1.3740183e+00
-1.0479749e+00
-1.3163918e+00
-1.7735389e+00
-1.8511624e+00
-2.3438683e+00
-2.6758415e+00
-2.9261140e+00
-2.8523946e+00
-2.7377079e+00
-3.1802019e+00
