1
3
5
6
7
9
10
11
12
13
15
16
18
20
21
22
30
33
34
35
39
41
42
43
44
45
47
49
52
56
57
58
59
63
64
66
67
68
69
70
71
73
78
79
80
81
82
85
86
87
89
90
92
93
97
100
102
104
105
106
110
112
113
114
115
116
118
119
121
122
125
126
127
129
130
132
134
135
136
138
139
141
144
145
146
147
149
150
151
152
153
157
158
161
162
163
164
165
166
168
171
175
179
184
185
186
187
188
189
192
194
195
196
201
202
203
205
206
207
210
212
213
215
216
219
221
223
224
227
230
235
237
241
244
246
247
249
251
252
253
257
258
259
261
262
265
266
267
270
272
274
275
277
278
279
281
283
284
285
287
289
290
291
293
294
295
296
297
298
299
300
302
304
305
306
311
312
313
314
315
316
317
318
319
320
321
322
323
324
325
326
327
329
331
334
335
337
339
340
341
343
345
346
347
348
351
353
354
355
356
357
360
361
365
368
370
371
376
378
379
381
382
384
385
386
387
388
393
395
396
398
399
400
401
404
405
406
407
408
409
412
413
414
416
418
422
423
424
425
426
427
430
434
436
438
444
448
449
452
455
456
459
460
461
463
464
465
466
467
468
469
471
472
473
475
476
483
484
485
486
487
488
489
490
491
492
493
497
498
500
501
503
504
505
507
508
509
510
511
514
515
517
518
519
521
522
524
534
535
536
537
539
542
543
546
548
549
551
552
553
554
557
560
561
563
566
568
569
570
572
574
575
577
578
579
580
582
585
586
587
589
591
592
593
596
597
598
600
601
604
607
608
611
612
613
614
616
617
618
620
624
626
627
628
629
634
637
639
640
641
643
646
649
650
652
653
654
655
657
658
659
660
664
665
666
667
668
670
672
673
674
676
679
684
685
686
687
688
689
692
695
696
697
698
700
701
702
704
707
708
709
710
711
712
713
719
721
726
727
728
733
734
735
736
738
739
740
742
743
744
745
747
751
752
755
756
757
759
760
762
763
766
770
771
772
773
774
778
779
780
781
782
783
784
786
787
788
789
790
792
794
796
797
802
804
805
808
809
810
813
814
815
816
817
818
819
821
823
824
826
828
829
831
833
835
836
838
839
840
842
844
845
846
849
850
851
852
853
854
855
856
857
858
861
864
866
867
869
870
871
872
873
874
875
876
877
878
879
881
882
883
885
886
887
888
889
891
892
894
896
897
898
899
901
902
903
906
907
908
909
911
912
913
914
917
919
921
922
923
925
929
931
934
935
938
939
941
942
943
944
945
946
947
949
950
953
954
956
957
958
960
964
968
969
970
971
973
976
977
978
979
981
983
986
987
988
989
990
993
994
998
999
1001
1004
1006
1007
1008
1009
1010
1012
1016
1019
1022
1023
1025
1026
1028
1030
1031
1033
1035
1036
1038
1039
1040
1041
1042
1044
1045
1046
1050
1051
1053
1057
1058
1059
1060
1062
1063
1064
1066
1071
1072
1073
1074
1075
1076
1078
1080
1081
1082
1083
1087
1091
1094
1100
1101
1102
1107
1109
1110
1113
1114
1115
1117
1118
1121
1122
1125
1126
1127
1130
1131
1132
1134
1136
1137
1139
1140
1141
1143
1144
1145
1148
1149
1150
1153
1154
1156
1157
1160
1161
1163
1164
1166
1167
1169
1170
1171
1172
1173
1174
1175
1177
1178
1180
1182
1183
1184
1185
1186
1187
1188
1190
1192
1194
1197
1198
1200
1202
1203
1207
1208
1209
1210
1211
1214
1216
1217
1220
1222
1229
1232
1234
1235
1236
1237
1238
1239
1240
1241
1242
1243
1245
1246
1247
1249
1251
1253
1254
1260
1261
1263
1264
1266
1267
1268
1272
1273
1276
1277
1280
1282
1283
1287
1288
1290
1292
1293
1294
1295
1296
1298
1301
1303
1304
1305
1309
1311
1312
1313
1315
1317
1318
1319
1320
1322
1325
1326
1328
1330
1331
1333
1334
1336
1337
1338
1339
1342
1344
1345
1346
1347
1349
1351
1352
1354
1360
1361
1362
1363
1365
1366
1368
1370
1371
1372
1373
1374
1375
1376
1378
1379
1380
1381
1383
1386
1387
1391
1392
1395
1396
1397
1402
1406
1408
1409
1411
1412
1413
1414
1415
1417
1418
1421
1422
1424
1425
1426
1430
1431
1433
1434
1435
1437
1438
1439
1443
1444
1445
1446
1449
1450
1455
1456
1457
1458
1460
1461
1462
1464
1465
1466
1468
1469
1471
1472
1477
1479
1481
1482
1483
1485
1487
1490
1491
1492
1495
1497
1503
1504
1507
1511
1513
1514
1516
1517
1519
1520
1521
1522
1525
1526
1528
1529
1530
1531
1532
1533
1535
1536
1537
1538
1540
1541
1542
1544
1545
1546
1547
1548
1552
1554
1555
1556
1557
1560
1562
1563
1564
1567
1569
1570
1571
1574
1576
1577
1578
1580
1581
1582
1585
1586
1587
1588
1589
1592
1597
1600
1601
1603
1605
1607
1609
1610
1613
1614
1615
1616
1617
1621
1622
1623
1626
1627
1633
1635
1637
1639
1640
1641
1643
1644
1645
1647
1648
1650
1652
1653
1654
1662
1663
1665
1666
1668
1669
1670
1672
1674
1675
1676
1678
1679
1680
1681
1683
1684
1687
1688
1689
1690
1692
1693
1694
1695
1697
1698
1699
1702
1703
1705
1706
1707
1708
1710
1711
1712
1714
1716
1717
1721
1725
1728
1729
1730
1731
1732
1735
1736
1737
1738
1739
1740
1745
1746
1749
1750
1751
1752
1753
1754
1755
1756
1757
1758
1759
1760
1762
1763
1765
1767
1768
1769
1770
1771
1773
1775
1776
1779
1782
1783
1785
1786
1788
1789
1790
1791
1792
1793
1794
1796
1798
1801
1802
1804
1810
1813
1815
1816
1820
1821
1822
1826
1828
1831
1832
1833
1834
1836
1837
1838
1840
1843
1844
1847
1851
1852
1854
1855
1859
1860
1862
1864
1865
1867
1868
1870
1871
1872
1874
1875
1876
1877
1878
1879
1880
1884
1885
1887
1889
1890
1891
1895
1896
1897
1898
1899
1901
1902
1904
1905
1906
1907
1908
1909
1912
1913
1914
1916
1917
1918
1919
1920
1921
1922
1924
1927
1928
1930
1931
1932
1933
1934
1937
1939
1940
1943
1944
1945
1946
1947
1948
1950
1953
1954
1956
1957
1963
1964
1965
1968
1969
1970
1971
1973
1975
1978
1981
1983
1985
1986
1987
1988
1989
1990
1992
1994
1997
1998
1999
2001
2002
2003
2007
2008
2009
2010
2011
2012
2013
2014
2015
2016
2019
2025
2026
2028
2029
2030
2033
2035
2037
2038
2039
2040
2043
2044
2045
2046
2047
2048
2049
2052
2055
2056
2058
2059
2060
2061
2062
2063
2064
2065
2066
2069
2070
2072
2074
2075
2077
2078
2080
2081
2084
2085
2088
2090
2092
2095
2096
2097
2099
2100
2101
2102
2103
2104
2105
2106
2107
2108
2109
2110
2113
2114
2115
2116
2118
2119
2123
2124
2125
2126
2127
2128
2129
2130
2131
2132
2133
2136
2137
2140
2141
2142
2143
2144
2145
2146
2147
2149
2151
2154
2155
2158
2159
2161
2163
2164
2165
2166
2167
2173
2176
2179
2180
2181
2182
2183
2184
2186
2189
2190
2191
2192
2194
2197
2199
2201
2202
2203
2204
2206
2208
2209
2212
2213
2214
2215
2217
2219
2220
2221
2222
2223
2225
2226
2227
2229
2231
2232
2233
2234
2238
2239
2240
2241
2243
2244
2248
2249
2250
2251
2252
2253
2254
2255
2258
2260
2261
2263
2266
2268
2269
2271
2272
2273
2274
2275
2276
2277
2278
2279
2280
2285
2286
2288
2291
2292
2295
2296
2297
2300
2301
2302
2303
2304
2306
2308
2309
2310
2311
2312
2314
2318
2319
2320
2321
2323
2325
2326
2329
2330
2331
2333
2334
2335
2336
2338
2339
2342
2343
2345
2347
2348
2349
2351
2352
2354
2356
2357
2358
2360
2361
2362
2363
2365
2366
2369
2375
2376
2378
2379
2380
2381
2382
2384
2385
2386
2387
2388
2389
2390
2391
2394
2397
2398
2400
2401
2402
2404
2408
2409
2412
2413
2415
2416
2419
2421
2423
2426
2428
2429
2430
2431
2433
2434
2435
2436
2437
2438
2439
2440
2441
2442
2445
2446
2448
2450
2451
2453
2454
2455
2456
2457
2459
2461
2464
2467
2468
2469
2470
2472
2474
2478
2479
2480
2481
2485
2487
2488
2489
2491
2494
2495
2496
2498
2502
2503
2504
2505
2508
2510
2514
2516
2518
2519
2520
2523
2525
2526
2527
2528
2529
2530
2531
2532
2533
2538
2539
2540
2541
2543
2544
2545
2546
2548
2549
2550
2555
2556
2558
2561
2562
2563
2564
2566
2568
2571
2572
2573
2574
2575
2576
2577
2578
2579
2580
2581
2582
2583
2585
2586
2587
2589
2590
2592
2594
2596
2598
2599
2603
2604
2605
2608
2609
2610
2611
2612
2614
2615
2617
2618
2619
2620
2622
2624
2626
2629
2630
2632
2634
2635
2636
2637
2639
2640
2641
2643
2645
2646
2648
2649
2651
2652
2653
2655
2659
2660
2663
2665
2667
2671
2672
2674
2675
2681
2683
2686
2687
2688
2690
2691
2694
2697
2698
2700
2705
2707
2709
2710
2712
2715
2716
2718
2719
2720
2722
2723
2724
2725
2726
2727
2730
2731
2732
2733
2735
2736
2737
2738
2740
2741
2743
2744
2748
2749
2750
2751
2753
2754
2755
2757
2758
2759
2762
2764
2765
2766
2768
2769
2771
2772
2773
2774
2777
2778
2779
2780
2782
2783
2786
2787
2790
2791
2794
2795
2796
2799
2800
2804
2806
2807
2810
2811
2812
2813
2814
2815
2816
2817
2819
2821
2824
2825
2826
2829
2830
2832
2833
2836
2839
2840
2843
2845
2846
2849
2851
2853
2856
2857
2858
2860
2861
2862
2863
2867
2869
2870
2872
2873
2880
2882
2884
2886
2887
2891
2893
2895
2898
2899
2900
2901
2902
2903
2904
2905
2906
2907
2908
2911
2912
2914
2915
2916
2918
2920
2921
2922
2924
2925
2926
2927
2929
2930
2932
2934
2935
2936
2937
2938
2940
2941
2942
2944
2947
2948
2949
2951
2952
2954
2955
2956
2957
2958
2960
2961
2963
2964
2966
2968
2969
2970
2971
2974
2977
2978
2979
2981
2985
2987
2988
2989
2991
2993
2994
2997
3000
3001
3007
3008
3009
3013
3016
3017
3018
3019
3021
3022
3024
3025
3027
3028
3030
3031
3032
3034
3035
3039
3040
3041
3043
3044
3045
3046
3048
3049
3050
3052
3054
3056
3058
3060
3061
3062
3064
3067
3068
3070
3071
3074
3075
3077
3078
3079
3080
3081
3086
3087
3088
3093
3094
3095
3096
3098
3100
3102
3104
3110
3112
3113
3114
3115
3117
3118
3119
3120
3121
3122
3123
3126
3127
3128
3129
3130
3131
3132
3135
3137
3141
3142
3143
3144
3145
3146
3147
3148
3149
3150
3151
3152
3153
3154
3157
3159
3160
3161
3162
3163
3164
3166
3170
3172
3173
3174
3176
3177
3180
3183
3184
3188
3189
3190
3191
3192
3193
3196
3199
3203
3205
3206
3208
3209
3210
3211
3212
3217
3218
3220
3221
3222
3223
3224
3227
3228
3229
3230
3234
3235
3237
3238
3240
3241
3242
3243
3244
3246
3247
3250
3251
3252
3253
3254
3255
3256
3257
3259
3260
3261
3262
3267
3269
3270
3271
3272
3273
3274
3277
3278
3279
3280
3281
3282
3284
3287
3289
3290
3294
3295
3296
3299
3304
3305
3307
3308
3309
3310
3312
3313
3314
3316
3317
3318
3319
3320
3321
3323
3327
3328
3329
3330
3331
3332
3336
3337
3338
3339
3341
3342
3343
3344
3350
3351
3355
3358
3359
3361
3365
3366
3367
3371
3374
3375
3376
3377
3378
3379
3380
3381
3383
3385
3387
3389
3390
3391
3394
3395
3397
3400
3402
3405
3407
3408
3409
3412
3413
3414
3415
3416
3417
3419
3420
3422
3424
3427
3428
3432
3433
3437
3438
3443
3444
3445
3446
3448
3449
3450
3451
3452
3453
3455
3456
3457
3458
3459
3461
3462
3463
3465
3466
3467
3468
3469
3470
3473
3474
3476
3477
3479
3480
3481
3482
3486
3490
3491
3498
3499
3500
3501
3502
3503
3504
3505
3506
3508
3510
3511
3512
3513
3515
3516
3521
3524
3528
3529
3530
3531
3533
3535
3536
3537
3538
3540
3541
3542
3543
3545
3546
3550
3551
3553
3554
3556
3558
3559
3562
3565
3566
3567
3568
3570
3573
3574
3575
3576
3577
3578
3579
3580
3584
3587
3588
3589
3591
3593
3597
3598
3599
3600
3602
3603
3606
3609
3610
3611
3613
3617
3618
3620
3621
3622
3623
3624
3625
3626
3628
3629
3630
3632
3635
3636
3638
3640
3641
3642
3645
3646
3649
3650
3651
3652
3653
3654
3655
3656
3658
3659
3660
3662
3663
3664
3666
3668
3670
3671
3672
3673
3674
3677
3678
3679
3681
3682
3684
3686
3689
3690
3691
3692
3695
3697
3698
3702
3703
3704
3707
3710
3711
3713
3714
3715
3719
3720
3723
3724
3725
3728
3730
3731
3732
3734
3735
3736
3737
3738
3739
3742
3743
3744
3745
3746
3747
3750
3754
3758
3760
3761
3765
3768
3769
3770
3774
3776
3778
3779
3780
3781
3783
3786
3787
3788
3789
3792
3798
3799
3801
3805
3806
3809
3812
3814
3815
3816
3817
3818
3821
3822
3824
3825
3827
3829
3832
3834
3835
3837
3838
3839
3843
3845
3846
3847
3848
3849
3850
3851
3852
3853
3854
3856
3858
3860
3862
3863
3864
3866
3867
3868
3869
3871
3873
3875
3876
3877
3878
3879
3880
3881
3883
3885
3886
3887
3888
3894
3895
3898
3900
3901
3903
3905
3906
3908
3910
3911
3913
3916
3919
3921
3922
3923
3925
3926
3927
3931
3932
3933
3934
3935
3937
3939
3940
3941
3943
3945
3948
3949
3952
3953
3954
3955
3956
3960
3961
3963
3966
3967
3968
3969
3971
3972
3973
3975
3977
3979
3983
3984
3985
3986
3987
3990
3992
3994
3997
3998
3999
4000
4002
4003
4004
4005
4006
4008
4009
4011
4012
4015
4017
4018
4024
4026
4027
4028
4031
4034
4036
4039
4042
4043
4044
4045
4046
4047
4048
4049
4050
4051
4052
4059
4060
4061
4062
4063
4070
4080
4082
4086
4088
4091
4092
4093
4094
4095
4096
4098
4099
4100
4101
4102
4103
4105
4106
4107
4108
4110
4114
4117
4120
4121
4123
4124
4125
4126
4127
4129
4130
4133
4134
4135
4136
4139
4140
4142
4144
4148
4151
4152
4153
4155
4157
4158
4159
4161
4162
4163
4164
4165
4167
4168
4170
4171
4173
4174
4175
4176
4177
4180
4181
4182
4184
4186
4187
4189
4190
4191
4193
4194
4195
4197
4198
4199
4200
4203
4207
4209
4210
4211
4213
4214
4215
4216
4217
4219
4220
4224
4225
4228
4229
4230
4231
4233
4235
4236
4237
4238
4239
4240
4241
4242
4243
4244
4245
4246
4247
4251
4253
4254
4255
4256
4257
4258
4259
4261
4262
4264
4265
4266
4268
4270
4271
4272
4273
4275
4276
4277
4279
4280
4282
4284
4289
4290
4293
4294
4295
4296
4297
4300
4302
4303
4305
4306
4308
4309
4310
4311
4312
4313
4314
4315
4316
4317
4322
4323
4325
4326
4327
4330
4331
4332
4334
4336
4337
4339
4340
4341
4343
4344
4346
4347
4349
4350
4351
4356
4357
4358
4361
4362
4363
4365
4366
4368
4369
4370
4374
4376
4377
4378
4379
4380
4382
4383
4384
4385
4386
4390
4391
4392
4393
4394
4396
4397
4398
4399
4400
4402
4404
4409
4410
4411
4414
4415
4417
4419
4422
4424
4425
4426
4427
4428
4430
4431
4433
4434
4435
4437
4439
4440
4441
4444
4445
4447
4449
4450
4451
4456
4460
4461
4464
4467
4468
4469
4470
4472
4473
4474
4477
4478
4479
4481
4483
4484
4487
4489
4490
4492
4493
4496
4497
4498
4499
4500
4501
4502
4503
4504
4505
4506
4507
4508
4509
4511
4516
4517
4520
4521
4522
4523
4524
4525
4526
4529
4531
4532
4533
4534
4535
4536
4538
4539
4541
4542
4543
4544
4545
4547
4549
4552
4553
4554
4559
4562
4565
4567
4568
4569
4571
4572
4573
4574
4575
4576
4577
4578
4579
4580
4582
4585
4587
4589
4590
4592
4593
4594
4595
4596
4597
4599
4600
4601
4603
4605
4606
4608
4609
4613
4614
4615
4617
4618
4620
4621
4622
4623
4625
4626
4628
4629
4632
4635
4636
4637
4638
4639
4640
4644
4645
4646
4647
4649
4650
4652
4653
4654
4656
4659
4661
4662
4663
4665
4666
4669
4670
4678
4683
4686
4689
4691
4692
4695
4699
4700
4701
4702
4704
4705
4707
4709
4711
4712
4713
4716
4717
4718
4719
4721
4723
4724
4725
4727
4728
4729
4731
4732
4734
4735
4736
4738
4739
4741
4743
4744
4745
4746
4747
4748
4749
4751
4754
4757
4761
4767
4768
4769
4770
4774
4776
4777
4779
4780
4782
4783
4785
4789
4791
4794
4796
4799
4802
4803
4804
4805
4806
4809
4810
4811
4813
4814
4815
4818
4821
4822
4823
4824
4825
4826
4828
4830
4831
4832
4833
4834
4835
4836
4837
4838
4840
4841
4843
4844
4845
4847
4849
4850
4851
4855
4856
4858
4859
4860
4861
4862
4865
4866
4867
4868
4870
4871
4874
4875
4876
4879
4881
4883
4888
4889
4890
4892
4897
4899
4901
4902
4903
4905
4906
4907
4909
4911
4912
4914
4915
4916
4917
4918
4920
4921
4922
4923
4925
4926
4927
4929
4932
4933
4937
4938
4946
4947
4948
4949
4952
4953
4957
4958
4960
4961
4962
4963
4964
4965
4966
4968
4970
4971
4972
4973
4975
4976
4977
4979
4980
4982
4983
4984
4985
4986
4987
4990
4991
4992
4998
4999
5000
5003
5005
5006
5010
5011
5013
5014
5015
5016
5017
5020
5023
5024
5030
5031
5032
5033
5035
5039
5040
5042
5043
5044
5047
5048
5049
5050
5051
5052
5055
5056
5058
5059
5060
5062
5065
5067
5068
5069
5070
5071
5074
5078
5079
5080
5081
5085
5086
5087
5089
5090
5091
5092
5093
5094
5095
5096
5098
5100
5101
5104
5106
5109
5110
5112
5113
5114
5117
5118
5119
5122
5123
5125
5127
5128
5131
5132
5134
5137
5138
5139
5140
5141
5143
5144
5146
5148
5149
5153
5157
5159
5160
5161
5163
5164
5165
5173
5175
5177
5183
5184
5185
5186
5187
5188
5189
5190
5192
5193
5194
5195
5196
5198
5199
5200
5201
5202
5203
5204
5205
5206
5208
5210
5211
5212
5213
5216
5217
5218
5219
5221
5222
5223
5224
5225
5226
5227
5229
5230
5231
5233
5236
5237
5238
5243
5245
5247
5248
5249
5252
5254
5257
5258
5259
5260
5261
5264
5265
5266
5267
5268
5270
5272
5273
5277
5278
5279
5280
5281
5284
5288
5289
5292
5295
5296
5300
5303
5304
5306
5307
5308
5310
5313
5314
5315
5316
5318
5319
5321
5324
5327
5328
5329
5331
5332
5333
5334
5336
5340
5341
5342
5344
5345
5346
5347
5349
5352
5355
5356
5357
5358
5359
5360
5362
5363
5365
5366
5368
5372
5374
5375
5380
5381
5385
5386
5390
5391
5392
5393
5395
5396
5399
5401
5403
5405
5406
5407
5408
5409
5413
5416
5419
5420
5423
5424
5428
5429
5430
5431
5433
5437
5438
5442
5443
5445
5450
5451
5452
5453
5454
5455
5456
5457
5459
5460
5461
5462
5463
5464
5466
5471
5472
5473
5474
5476
5478
5479
5480
5482
5484
5485
5486
5488
5490
5493
5494
5497
5498
5501
5504
5506
5507
5508
5509
5512
5514
5515
5516
5518
5519
5520
5521
5523
5524
5525
5527
5528
5530
5531
5533
5535
5536
5537
5539
5540
5543
5544
5545
5546
5547
5549
5550
5551
5552
5554
5555
5557
5558
5559
5560
5561
5562
5563
5565
5567
5568
5572
5573
5575
5576
5578
5579
5581
5584
5585
5587
5592
5593
5601
5603
5605
5606
5607
5608
5609
5610
5611
5612
5613
5614
5615
5616
5617
5619
5620
5621
5623
5624
5628
5630
5633
5634
5636
5637
5639
5640
5641
5642
5645
5646
5650
5653
5654
5655
5656
5657
5659
5660
5662
5663
5664
5665
5666
5669
5670
5671
5672
5673
5674
5675
5676
5678
5680
5682
5683
5684
5685
5688
5689
5690
5693
5694
5695
5696
5697
5698
5699
5701
5702
5703
5704
5705
5706
5707
5708
5709
5712
5714
5715
5716
5718
5719
5720
5721
5723
5724
5725
5726
5727
5728
5730
5733
5734
5737
5738
5740
5743
5744
5747
5752
5753
5754
5757
5761
5762
5763
5764
5765
5766
5769
5772
5774
5775
5776
5781
5783
5785
5787
5788
5789
5790
5792
5793
5794
5795
5796
5797
5798
5799
5800
5801
5802
5803
5804
5805
5806
5808
5810
5811
5812
5813
5814
5815
5816
5817
5819
5820
5821
5830
5831
5832
5833
5834
5838
5840
5841
5842
5843
5844
5845
5846
5847
5849
5850
5851
5853
5854
5855
5857
5858
5859
5860
5861
5862
5865
5866
5867
5870
5872
5873
5874
5877
5878
5879
5880
5881
5882
5883
5886
5887
5889
5891
5893
5895
5896
5900
5902
5903
5905
5907
5908
5913
5915
5918
5920
5921
5922
5923
5925
5926
5928
5930
5931
5933
5934
5935
5936
5937
5938
5940
5941
5944
5946
5951
5953
5956
5959
5960
5961
5966
5967
5968
5969
5972
5973
5975
5978
5979
5981
5982
5983
5986
5989
5990
5991
5992
5994
5995
5996
5999
