6
7
9
11
14
15
16
17
18
19
20
22
24
26
27
29
30
32
33
34
35
36
38
39
40
43
44
46
48
49
50
51
52
53
54
55
58
59
60
61
62
63
65
66
68
69
70
71
72
73
75
76
77
78
79
81
82
84
85
86
88
90
92
93
95
96
98
99
100
101
102
103
104
107
109
111
112
113
114
115
116
117
118
119
125
127
128
129
130
131
132
133
134
135
138
139
140
141
143
145
147
148
149
150
151
152
153
154
156
157
158
159
161
162
163
164
165
166
170
173
174
175
177
179
180
181
183
184
185
187
188
189
190
191
193
194
195
196
197
198
200
201
202
203
204
205
206
207
209
210
212
213
214
215
217
218
219
221
222
223
224
226
227
230
232
234
237
239
240
241
242
243
245
246
248
251
254
255
256
257
258
259
261
262
263
264
266
267
268
269
270
274
277
279
280
281
283
284
287
288
289
290
291
292
293
294
295
296
297
299
301
302
303
304
305
309
310
311
312
313
315
321
322
323
324
326
327
329
330
331
333
334
336
338
340
341
342
343
345
346
347
349
350
351
352
354
357
358
359
362
363
364
365
367
368
372
374
375
377
378
379
380
381
382
383
385
386
388
389
390
391
393
394
396
397
398
399
400
401
402
403
405
406
408
411
412
413
414
415
416
417
418
419
422
423
424
425
426
427
428
429
432
433
435
437
439
440
443
444
446
447
449
451
452
455
457
458
459
460
461
462
463
464
466
469
470
471
472
473
474
476
477
478
479
480
481
482
483
484
485
486
487
488
489
490
491
492
494
495
496
497
498
499
501
503
504
505
508
509
510
511
512
513
514
517
518
519
520
521
522
523
524
526
528
529
530
531
532
533
537
540
541
545
546
547
549
550
551
552
555
558
561
562
563
564
565
566
567
570
571
572
573
574
575
576
577
580
581
582
585
586
588
589
590
594
595
598
599
600
601
602
603
604
607
611
612
614
616
617
618
619
620
621
622
623
625
626
627
628
629
631
632
633
634
637
638
639
640
641
642
643
644
645
646
647
648
649
650
651
652
654
655
656
657
658
661
662
663
664
665
667
668
669
670
672
674
676
677
679
680
682
683
685
686
688
690
692
693
695
697
699
703
704
705
706
707
708
711
713
715
716
718
719
720
721
722
723
724
725
726
727
728
729
731
732
733
734
735
736
737
738
739
740
741
743
744
745
746
750
753
754
756
758
759
760
764
765
767
769
770
773
774
775
776
780
781
782
784
785
786
787
791
792
793
794
795
800
801
802
803
804
806
807
808
810
811
812
813
814
816
817
819
821
823
824
825
827
829
830
831
832
833
834
836
838
839
840
841
845
846
847
849
851
852
853
854
856
857
858
859
861
863
864
866
868
873
876
877
878
879
880
881
883
884
885
886
887
888
890
891
892
893
894
895
898
899
900
901
902
903
904
905
906
907
908
910
911
912
913
915
917
918
921
922
923
925
928
930
931
933
934
936
937
939
940
941
942
943
945
946
949
950
952
953
955
958
959
961
962
964
965
966
967
970
971
972
975
976
977
978
980
981
982
983
984
986
987
988
989
990
991
994
996
997
998
999
1000
1001
1002
1003
1004
1005
1006
1008
1010
1011
1013
1014
1015
1016
1017
1018
1020
1021
1022
1023
1025
1026
1027
1029
1030
1033
1034
1035
1037
1039
1040
1041
1043
1044
1046
1047
1049
1050
1051
1052
1054
1061
1062
1063
1065
1066
1067
1068
1069
1070
1072
1073
1074
1075
1076
1077
1078
1080
1081
1082
1083
1085
1087
1088
1089
1090
1091
1092
1093
1094
1096
1102
1103
1104
1106
1107
1108
1109
1110
1115
1116
1118
1121
1122
1123
1125
1126
1127
1132
1133
1135
1137
1138
1139
1140
1141
1142
1144
1145
1146
1147
1148
1149
1150
1151
1152
1153
1154
1155
1156
1157
1158
1159
1160
1161
1162
1163
1164
1167
1168
1169
1170
1171
1173
1176
1178
1179
1181
1183
1184
1185
1186
1187
1188
1189
1190
1191
1192
1193
1195
1196
1197
1200
1201
1202
1205
1206
1209
1210
1211
1213
1214
1215
1217
1218
1220
1222
1223
1227
1230
1233
1234
1236
1238
1239
1240
1242
1243
1245
1246
1247
1248
1250
1251
1254
1256
1257
1259
1260
1262
1263
1265
1266
1267
1269
1270
1271
1272
1280
1281
1286
1287
1288
1291
1292
1293
1294
1295
1297
1298
1299
1300
1301
1303
1304
1306
1307
1309
1310
1311
1312
1313
1314
1315
1316
1319
1320
1321
1322
1323
1324
1328
1330
1331
1333
1334
1335
1338
1340
1343
1344
1345
1347
1349
1350
1351
1352
1354
1355
1357
1358
1359
1360
1361
1362
1363
1364
1366
1367
1368
1372
1375
1377
1378
1381
1382
1383
1384
1386
1388
1389
1390
1391
1392
1394
1395
1397
1398
1399
1400
1401
1402
1403
1404
1405
1406
1408
1411
1412
1414
1415
1418
1421
1423
1424
1425
1426
1427
1428
1429
1430
1432
1433
1434
1435
1436
1438
1439
1440
1443
1446
1447
1448
1450
1454
1455
1456
1457
1458
1459
1461
1462
1463
1464
1465
1466
1467
1468
1470
1471
1472
1474
1475
1476
1477
1479
1480
1481
1482
1484
1485
1486
1487
1488
1489
1490
1491
1492
1493
1494
1495
1498
1499
1500
1501
1503
1504
1505
1506
1507
1508
1509
1511
1514
1515
1516
1517
1518
1519
1520
1521
1523
1524
1527
1528
1530
1531
1532
1534
1535
1536
1537
1538
1540
1541
1542
1543
1544
1549
1551
1552
1553
1554
1555
1556
1557
1558
1559
1560
1563
1564
1566
1567
1569
1570
1573
1575
1576
1577
1578
1579
1581
1582
1583
1584
1585
1588
1590
1592
1593
1594
1595
1596
1597
1598
1599
1600
1601
1602
1603
1604
1605
1606
1607
1608
1610
1611
1612
1613
1614
1615
1616
1617
1618
1619
1621
1622
1623
1624
1625
1626
1628
1630
1631
1632
1633
1634
1636
1637
1638
1639
1640
1642
1644
1645
1647
1648
1649
1651
1652
1653
1654
1656
1658
1659
1660
1662
1664
1665
1666
1669
1670
1673
1675
1676
1678
1682
1684
1690
1691
1692
1693
1694
1695
1696
1697
1698
1701
1702
1703
1704
1706
1707
1709
1710
1711
1712
1713
1714
1715
1717
1718
1719
1720
1721
1722
1723
1724
1725
1726
1728
1729
1731
1732
1733
1734
1735
1736
1739
1740
1742
1743
1745
1746
1747
1751
1752
1753
1754
1755
1758
1759
1760
1762
1763
1764
1768
1769
1770
1771
1775
1777
1779
1781
1782
1783
1784
1785
1786
1787
1788
1789
1791
1792
1793
1794
1795
1797
1798
1800
1803
1804
1807
1809
1810
1814
1818
1819
1820
1822
1823
1825
1826
1827
1829
1830
1833
1834
1835
1838
1839
1840
1842
1843
1845
1847
1848
1850
1852
1853
1854
1857
1858
1859
1860
1861
1863
1864
1865
1867
1868
1869
1870
1871
1872
1873
1875
1876
1877
1878
1879
1880
1883
1885
1888
1889
1891
1892
1895
1896
1898
1899
1900
1901
1902
1903
1904
1906
1908
1910
1911
1915
1917
1918
1919
1920
1921
1922
1923
1924
1926
1928
1929
1930
1931
1932
1933
1934
1935
1936
1939
1941
1942
1943
1944
1946
1947
1948
1950
1951
1952
1953
1955
1956
1958
1959
1960
1961
1962
1963
1964
1966
1967
1968
1969
1970
1971
1972
1973
1974
1975
1976
1977
1978
1981
1984
1985
1986
1987
1989
1990
1991
1992
1994
1995
1996
1998
1999
2000
2002
2003
2004
2005
2006
2007
2011
2012
2013
2017
2018
2020
2021
2022
2023
2026
2027
2028
2029
2030
2032
2033
2034
2035
2037
2038
2043
2044
2045
2046
2047
2048
2049
2050
2051
2053
2055
2056
2057
2058
2061
2062
2064
2066
2070
2071
2074
2075
2076
2079
2080
2085
2086
2087
2088
2089
2090
2092
2093
2094
2095
2096
2097
2099
2100
2101
2103
2106
2107
2108
2110
2111
2113
2114
2115
2117
2118
2121
2122
2124
2125
2129
2130
2131
2132
2133
2134
2135
2136
2137
2138
2140
2141
2142
2144
2145
2146
2147
2149
2150
2151
2153
2156
2158
2159
2161
2163
2167
2168
2169
2171
2172
2174
2175
2177
2178
2179
2180
2181
2184
2185
2187
2188
2189
2190
2192
2193
2194
2195
2196
2197
2198
2199
2201
2202
2204
2206
2208
2210
2211
2218
2219
2220
2221
2223
2225
2226
2229
2230
2231
2232
2233
2234
2236
2238
2239
2240
2241
2242
2243
2244
2245
2246
2247
2248
2249
2250
2251
2252
2253
2255
2256
2257
2258
2259
2260
2263
2264
2266
2267
2269
2270
2271
2272
2274
2275
2277
2280
2281
2283
2284
2285
2287
2289
2290
2291
2292
2293
2294
2295
2296
2297
2298
2299
2300
2301
2302
2303
2306
2307
2308
2309
2310
2311
2312
2313
2314
2315
2318
2319
2320
2321
2322
2323
2324
2326
2327
2328
2329
2330
2331
2332
2333
2334
2335
2337
2338
2341
2342
2345
2348
2349
2351
2353
2354
2355
2357
2358
2360
2361
2362
2364
2365
2368
2369
2370
2371
2372
2373
2375
2376
2377
2378
2379
2380
2383
2386
2387
2389
2390
2391
2392
2395
2396
2397
2399
2400
2401
2402
2403
2404
2406
2407
2408
2409
2410
2411
2412
2414
2415
2417
2418
2419
2420
2424
2426
2428
2429
2431
2433
2434
2435
2439
2440
2441
2442
2444
2445
2446
2447
2448
2449
2450
2451
2452
2453
2455
2457
2458
2459
2460
2463
2464
2466
2467
2468
2469
2471
2473
2475
2476
2478
2482
2483
2484
2485
2486
2487
2488
2489
2490
2491
2492
2493
2494
2496
2497
2498
2499
2500
2501
2502
2503
2504
2506
2507
2509
2510
2511
2516
2517
2518
2519
2520
2521
2522
2523
2524
2525
2528
2529
2530
2531
2534
2535
2537
2538
2540
2542
2543
2544
2545
2547
2548
2549
2551
2552
2554
2557
2558
2560
2561
2563
2564
2567
2568
2570
2571
2572
2573
2574
2575
2576
2577
2578
2579
2580
2582
2584
2585
2587
2588
2589
2591
2592
2593
2595
2596
2598
2599
2600
2601
2602
2603
2605
2606
2608
2609
2610
2611
2612
2614
2615
2616
2619
2621
2623
2624
2625
2626
2628
2629
2631
2632
2633
2636
2637
2640
2642
2644
2646
2647
2649
2653
2654
2656
2658
2659
2660
2662
2664
2665
2666
2667
2669
2670
2673
2674
2675
2677
2678
2679
2682
2684
2686
2687
2688
2689
2690
2692
2694
2695
2696
2698
2699
2700
2703
2709
2712
2713
2714
2715
2716
2717
2719
2720
2721
2722
2723
2725
2726
2727
2728
2735
2736
2737
2738
2739
2740
2741
2742
2743
2744
2745
2748
2749
2751
2752
2753
2754
2755
2756
2757
2758
2760
2763
2764
2765
2766
2767
2768
2769
2770
2771
2772
2773
2775
2778
2779
2784
2785
2788
2789
2790
2791
2793
2794
2795
2796
2797
2798
2799
2800
2801
2802
2803
2804
2807
2810
2811
2812
2815
2816
2817
2818
2819
2820
2821
2822
2824
2828
2829
2831
2832
2833
2834
2835
2838
2839
2841
2843
2844
2845
2846
2847
2849
2851
2854
2855
2856
2858
2859
2860
2862
2863
2864
2865
2867
2868
2870
2871
2872
2873
2874
2876
2877
2878
2879
2880
2881
2882
2884
2885
2886
2887
2889
2890
2891
2893
2894
2895
2897
2899
2900
2901
2902
2903
2904
2908
2912
2913
2915
2919
2920
2921
2922
2923
2924
2925
2926
2927
2928
2929
2930
2931
2932
2935
2936
2937
2938
2939
2941
2943
2944
2947
2950
2953
2954
2955
2956
2958
2960
2961
2963
2964
2965
2966
2968
2971
2972
2974
2975
2976
2977
2978
2979
2981
2982
2985
2986
2987
2992
2993
2994
2995
2998
2999
3001
3002
3004
3006
3007
3008
3009
3010
3012
3013
3014
3015
3016
3017
3018
3019
3021
3022
3025
3026
3028
3031
3033
3034
3035
3037
3038
3039
3041
3042
3043
3044
3045
3046
3049
3051
3052
3054
3055
3056
3057
3058
3059
3060
3061
3062
3063
3064
3065
3066
3069
3070
3071
3072
3073
3075
3076
3077
3085
3088
3089
3090
3092
3094
3095
3096
3097
3098
3099
3100
3101
3102
3103
3105
3106
3110
3111
3112
3113
3115
3116
3117
3118
3119
3120
3122
3123
3124
3125
3126
3127
3128
3129
3130
3133
3134
3135
3140
3141
3142
3143
3144
3145
3146
3147
3148
3149
3151
3152
3153
3154
3155
3156
3157
3158
3159
3160
3162
3163
3164
3166
3169
3173
3175
3176
3177
3178
3179
3180
3181
3182
3183
3185
3186
3188
3190
3191
3192
3193
3194
3195
3196
3197
3201
3202
3205
3206
3207
3208
3209
3210
3211
3214
3215
3216
3217
3218
3219
3221
3222
3223
3224
3225
3226
3227
3229
3231
3232
3233
3234
3235
3236
3237
3238
3241
3242
3243
3244
3245
3246
3247
3248
3249
3250
3252
3254
3255
3256
3257
3258
3259
3260
3261
3264
3265
3267
3269
3270
3271
3273
3274
3275
3276
3278
3280
3282
3283
3284
3285
3289
3290
3291
3292
3293
3294
3295
3296
3297
3299
3300
3301
3302
3303
3307
3308
3309
3310
3313
3314
3315
3316
3317
3319
3320
3322
3324
3325
3326
3327
3328
3329
3330
3331
3332
3333
3334
3337
3339
3340
3341
3342
3344
3345
3349
3351
3352
3353
3355
3358
3359
3360
3362
3363
3365
3366
3367
3369
3370
3371
3372
3375
3376
3377
3378
3379
3381
3382
3383
3384
3385
3386
3387
3389
3390
3391
3392
3393
3394
3397
3399
3400
3403
3404
3407
3409
3410
3411
3412
3413
3414
3415
3416
3418
3420
3421
3422
3423
3429
3430
3431
3432
3433
3435
3437
3438
3439
3441
3444
3445
3446
3447
3449
3450
3451
3452
3453
3455
3458
3459
3461
3462
3463
3464
3467
3469
3472
3473
3474
3475
3476
3477
3478
3479
3481
3482
3483
3485
3488
3489
3493
3494
3495
3496
3497
3498
3499
3500
3503
3506
3507
3511
3513
3515
3516
3517
3518
3519
3521
3523
3524
3525
3526
3527
3528
3530
3531
3532
3533
3536
3537
3539
3540
3541
3544
3545
3546
3547
3548
3549
3550
3551
3552
3554
3557
3558
3559
3560
3561
3567
3569
3570
3571
3572
3573
3574
3575
3577
3578
3581
3583
3584
3585
3586
3587
3588
3590
3591
3592
3593
3595
3596
3597
3598
3599
3600
3601
3602
3603
3604
3605
3606
3611
3612
3613
3614
3615
3616
3617
3618
3619
3620
3621
3623
3624
3625
3626
3627
3628
3630
3632
3633
3635
3641
3642
3643
3644
3649
3650
3652
3654
3657
3658
3660
3662
3663
3664
3665
3666
3667
3668
3669
3670
3671
3673
3674
3675
3676
3677
3679
3680
3681
3683
3684
3686
3687
3689
3690
3691
3692
3693
3695
3696
3699
3701
3702
3703
3706
3707
3708
3709
3711
3712
3713
3714
3715
3716
3717
3718
3719
3720
3721
3722
3723
3724
3725
3726
3728
3729
3730
3731
3732
3733
3734
3735
3738
3739
3740
3741
3742
3744
3746
3747
3748
3754
3755
3756
3757
3758
3759
3761
3763
3764
3766
3768
3769
3771
3772
3773
3774
3776
3777
3778
3780
3781
3782
3783
3785
3786
3787
3791
3792
3793
3794
3796
3798
3799
3801
3802
3803
3804
3806
3807
3809
3810
3812
3813
3814
3816
3817
3819
3820
3821
3822
3823
3824
3825
3826
3827
3828
3829
3830
3831
3832
3834
3836
3837
3841
3842
3844
3845
3847
3848
3850
3851
3854
3857
3859
3861
3863
3864
3865
3867
3868
3869
3870
3871
3873
3876
3877
3878
3880
3881
3882
3883
3885
3886
3887
3889
3890
3891
3892
3893
3894
3895
3896
3897
3898
3899
3900
3902
3903
3904
3905
3906
3909
3910
3911
3913
3915
3916
3917
3919
3920
3921
3922
3925
3926
3929
3930
3931
3932
3933
3935
3937
3938
3939
3940
3941
3942
3947
3948
3949
3950
3952
3953
3954
3956
3957
3958
3959
3960
3962
3963
3964
3965
3967
3969
3970
3971
3972
3973
3975
3976
3978
3980
3981
3983
3984
3985
3986
3988
3989
3990
3991
3993
3994
3995
3996
3997
3998
3999
4000
4002
4003
4005
4007
4009
4010
4012
4014
4016
4017
4022
4023
4024
4026
4027
4028
4029
4031
4033
4034
4035
4039
4040
4041
4043
4050
4051
4052
4053
4054
4056
4057
4058
4059
4060
4061
4063
4066
4067
4068
4069
4070
4071
4072
4073
4076
4078
4079
4080
4081
4082
4083
4084
4086
4087
4088
4090
4091
4092
4093
4094
4095
4096
4097
4098
4099
4102
4103
4105
4106
4107
4108
4109
4111
4112
4113
4114
4115
4116
4117
4118
4120
4121
4122
4123
4126
4127
4129
4131
4132
4134
4135
4136
4137
4138
4139
4140
4141
4143
4144
4145
4149
4150
4152
4153
4154
4155
4156
4158
4159
4160
4162
4163
4165
4166
4167
4168
4169
4170
4171
4172
4173
4174
4175
4176
4177
4178
4179
4181
4183
4185
4186
4187
4188
4189
4190
4192
4193
4194
4196
4197
4199
4200
4201
4202
4204
4205
4206
4207
4208
4210
4212
4214
4215
4217
4218
4219
4221
4222
4225
4228
4230
4231
4232
4234
4237
4240
4241
4242
4243
4246
4248
4249
4252
4253
4255
4256
4257
4258
4259
4261
4262
4263
4264
4266
4267
4268
4269
4270
4272
4273
4274
4276
4277
4278
4279
4280
4282
4284
4285
4288
4290
4291
4292
4293
4294
4295
4296
4297
4299
4302
4303
4304
4305
4306
4308
4309
4312
4313
4314
4316
4317
4318
4319
4320
4321
4322
4323
4324
4325
4326
4327
4329
4330
4331
4332
4333
4335
4336
4338
4342
4345
4346
4348
4350
4351
4352
4353
4354
4355
4356
4357
4358
4359
4360
4361
4364
4365
4366
4368
4369
4370
4371
4372
4374
4375
4376
4377
4378
4379
4380
4383
4384
4386
4387
4388
4389
4390
4391
4393
4395
4397
4400
4402
4403
4404
4405
4408
4409
4410
4411
4412
4413
4415
4416
4417
4418
4419
4420
4423
4425
4426
4427
4428
4429
4430
4431
4432
4433
4434
4436
4437
4438
4439
4440
4441
4444
4447
4448
4450
4452
4453
4454
4456
4457
4458
4459
4460
4462
4464
4465
4466
4468
4469
4472
4473
4474
4475
4476
4477
4478
4479
4480
4481
4482
4486
4488
4489
4490
4491
4492
4493
4498
4499
4500
4501
4502
4503
4504
4505
4506
4507
4509
4511
4514
4515
4516
4517
4519
4521
4522
4524
4525
4527
4530
4532
4533
4534
4537
4538
4539
4541
4542
4543
4545
4546
4547
4548
4549
4550
4551
4553
4554
4556
4557
4558
4559
4561
4564
4565
4567
4569
4570
4571
4572
4573
4574
4575
4576
4577
4578
4580
4582
4583
4584
4585
4587
4590
4591
4593
4594
4596
4597
4599
4601
4602
4603
4604
4605
4608
4610
4612
4613
4614
4615
4618
4619
4620
4623
4627
4628
4629
4630
4631
4632
4633
4634
4635
4636
4637
4638
4639
4640
4641
4642
4643
4645
4647
4648
4649
4650
4652
4653
4654
4655
4656
4657
4658
4659
4660
4662
4665
4667
4668
4669
4670
4672
4674
4675
4676
4678
4679
4681
4683
4684
4685
4686
4688
4690
4691
4692
4693
4694
4695
4697
4699
4700
4701
4702
4703
4705
4706
4708
4712
4714
4715
4716
4717
4718
4719
4720
4722
4724
4725
4727
4729
4730
4731
4732
4734
4736
4737
4738
4739
4740
4742
4743
4744
4745
4746
4749
4751
4752
4756
4757
4759
4760
4761
4762
4764
4765
4766
4768
4770
4771
4772
4773
4774
4776
4780
4783
4785
4786
4787
4788
4790
4791
4792
4793
4794
4795
4796
4798
4799
4800
4802
4803
4804
4805
4806
4807
4808
4810
4812
4813
4814
4815
4818
4819
4820
4821
4823
4824
4826
4827
4829
4830
4831
4832
4834
4835
4837
4840
4842
4844
4845
4846
4847
4848
4850
4852
4853
4855
4856
4859
4860
4861
4863
4864
4865
4866
4867
4869
4870
4871
4872
4873
4874
4875
4876
4877
4878
4879
4880
4881
4883
4886
4887
4888
4889
4891
4892
4895
4896
4898
4901
4902
4904
4905
4906
4907
4908
4910
4914
4915
4916
4917
4918
4919
4921
4922
4924
4926
4927
4928
4929
4931
4932
4933
4934
4935
4936
4937
4939
4941
4942
4943
4944
4945
4946
4947
4948
4949
4950
4951
4953
4955
4956
4957
4959
4960
4962
4963
4964
4965
4966
4968
4969
4970
4973
4974
4975
4976
4979
4980
4981
4982
4983
4984
4985
4986
4988
4989
4991
4992
4994
4995
4996
4999
5000
5001
5002
5003
5004
5005
5006
5007
5008
5009
5010
5011
5012
5015
5016
5017
5019
5020
5021
5022
5023
5024
5027
5028
5030
5032
5035
5037
5038
5039
5040
5041
5042
5043
5044
5045
5046
5047
5048
5049
5050
5051
5052
5053
5054
5056
5057
5059
5062
5063
5065
5068
5069
5071
5072
5073
5074
5075
5076
5078
5080
5082
5083
5085
5086
5088
5089
5090
5091
5092
5094
5096
5097
5098
5099
5103
5104
5105
5107
5108
5109
5110
5111
5112
5113
5114
5115
5116
5117
5118
5119
5120
5123
5124
5125
5126
5130
5132
5134
5135
5136
5137
5138
5139
5140
5141
5143
5144
5145
5146
5147
5148
5149
5153
5154
5157
5159
5161
5162
5163
5164
5165
5167
5168
5169
5171
5173
5174
5175
5176
5177
5182
5183
5184
5185
5186
5188
5189
5190
5191
5192
5193
5194
5195
5196
5197
5198
5199
5200
5201
5202
5203
5204
5206
5208
5209
5213
5214
5215
5217
5218
5220
5221
5224
5225
5229
5231
5233
5234
5237
5238
5239
5242
5243
5244
5245
5246
5247
5248
5249
5250
5252
5253
5254
5255
5256
5257
5258
5260
5261
5262
5263
5265
5266
5268
5269
5270
5271
5272
5273
5274
5275
5277
5278
5279
5280
5281
5282
5285
5286
5287
5288
5289
5290
5291
5293
5295
5296
5297
5299
5301
5302
5303
5304
5308
5309
5310
5311
5312
5313
5314
5315
5316
5318
5319
5320
5321
5322
5323
5326
5329
5330
5331
5332
5333
5334
5336
5337
5339
5340
5341
5343
5344
5345
5346
5348
5350
5351
5354
5355
5356
5360
5361
5363
5364
5365
5366
5367
5368
5369
5371
5372
5373
5374
5375
5376
5377
5378
5380
5382
5383
5384
5386
5387
5388
5389
5390
5391
5392
5393
5395
5396
5397
5399
5403
5404
5405
5406
5407
5408
5410
5412
5416
5417
5420
5422
5423
5424
5425
5427
5428
5429
5430
5431
5432
5434
5436
5438
5439
5440
5441
5442
5443
5444
5445
5446
5449
5450
5452
5455
5456
5458
5459
5460
5462
5463
5464
5465
5466
5467
5468
5472
5473
5474
5475
5476
5477
5478
5479
5481
5482
5483
5484
5486
5487
5489
5490
5491
5492
5493
5495
5496
5498
5499
5502
5503
5504
5507
5510
5511
5515
5516
5518
5519
5521
5522
5523
5524
5525
5526
5527
5528
5529
5530
5531
5532
5534
5535
5536
5537
5538
5539
5543
5544
5545
5547
5548
5549
5551
5553
5554
5556
5561
5562
5564
5566
5567
5568
5570
5571
5572
5573
5575
5576
5577
5578
5579
5580
5581
5582
5583
5584
5586
5589
5590
5592
5593
5594
5596
5597
5599
5603
5605
5606
5607
5609
5610
5611
5612
5613
5615
5618
5620
5621
5622
5623
5624
5625
5626
5628
5629
5630
5631
5632
5633
5635
5636
5638
5639
5640
5641
5642
5643
5644
5645
5646
5647
5648
5649
5651
5652
5655
5656
5657
5658
5660
5661
5664
5665
5667
5668
5669
5674
5676
5677
5678
5680
5681
5682
5684
5688
5690
5691
5692
5693
5694
5695
5697
5699
5701
5702
5704
5705
5706
5707
5708
5709
5711
5712
5713
5714
5715
5716
5717
5718
5725
5726
5728
5729
5730
5732
5734
5736
5737
5738
5739
5740
5741
5742
5744
5746
5748
5749
5750
5751
5752
5753
5754
5755
5756
5757
5758
5759
5761
5762
5763
5764
5765
5771
5773
5774
5777
5779
5781
5782
5783
5784
5785
5786
5788
5789
5790
5791
5792
5793
5795
5796
5797
5802
5804
5805
5806
5807
5809
5810
5812
5814
5815
5816
5818
5820
5821
5823
5824
5825
5826
5827
5828
5830
5831
5832
5833
5834
5837
5843
5844
5845
5847
5849
5850
5851
5852
5853
5854
5855
5856
5859
5861
5864
5865
5868
5870
5871
5875
5876
5877
5880
5883
5884
5886
5888
5890
5891
5893
5894
5895
5896
5898
5899
5900
5902
5905
5906
5908
5909
5910
5913
5914
5915
5916
5918
5919
5921
5923
5924
5925
5926
5928
5929
5930
5932
5935
5936
5937
5940
5941
5942
5943
5944
5945
5947
5948
5950
5951
5952
5953
5954
5955
5956
5957
5958
5959
5960
5962
5964
5966
5968
5969
5970
5973
5977
5978
5980
5981
5982
5983
5984
5985
5987
5990
5991
5992
5993
5994
5996
5997
5998
