3
4
8
13
14
16
18
20
24
26
29
30
31
41
49
51
54
55
57
59
60
61
63
64
73
75
76
77
78
81
82
87
89
90
91
96
98
99
102
103
105
106
113
116
117
118
121
124
125
127
128
131
135
141
142
143
146
149
150
151
154
156
157
158
162
166
168
171
172
173
177
179
180
182
183
184
186
188
189
191
192
194
195
197
199
200
201
202
204
206
210
212
213
215
217
219
221
225
228
230
255
256
260
264
266
267
274
278
279
280
286
287
288
292
293
298
300
302
304
305
312
315
318
320
321
325
330
331
334
335
337
341
342
344
347
350
351
353
354
359
360
364
366
367
368
369
376
377
381
382
384
385
390
391
392
394
397
400
401
403
405
407
411
412
413
415
418
422
424
425
426
427
429
432
433
440
447
454
457
462
464
465
466
468
472
473
485
487
489
490
494
502
505
507
511
512
514
515
518
526
527
528
535
537
539
541
542
548
549
551
557
561
562
563
564
570
573
576
578
579
580
582
583
584
585
588
590
591
593
598
599
601
602
605
607
622
624
626
627
630
636
638
639
642
644
646
647
648
650
651
659
660
662
663
665
667
669
671
672
677
678
680
686
690
693
695
697
699
700
702
703
704
706
709
710
714
716
721
725
727
734
737
740
741
744
746
747
750
762
763
764
765
768
773
779
782
783
784
786
787
789
790
792
793
794
796
800
802
805
806
807
808
810
811
814
816
817
819
821
822
824
825
832
834
836
838
840
842
843
850
852
853
860
861
862
864
868
872
874
875
876
878
879
880
881
883
887
890
891
892
897
898
900
901
903
904
905
906
907
915
918
926
929
930
931
933
934
939
941
944
946
947
949
951
952
954
955
956
958
960
962
964
966
967
968
971
976
977
979
981
982
983
988
995
996
1000
1005
1008
1016
1019
1021
1022
1024
1025
1034
1036
1041
1043
1044
1045
1046
1048
1049
1050
1053
1054
1057
1059
1062
1066
1072
1075
1076
1077
1079
1081
1082
1084
1088
1090
1094
1096
1097
1101
1105
1107
1108
1110
1111
1112
1116
1119
1121
1123
1128
1131
1135
1139
1140
1141
1143
1144
1145
1147
1149
1151
1157
1162
1164
1166
1174
1178
1183
1185
1189
1191
1193
1194
1195
1204
1212
1214
1216
1219
1221
1222
1231
1232
1233
1234
1238
1245
1252
1253
1254
1259
1261
1263
1269
1274
1277
1279
1281
1282
1283
1285
1288
1292
1294
1296
1299
1303
1306
1309
1318
1319
1324
1325
1326
1329
1331
1336
1337
1338
1339
1343
1345
1346
1348
1350
1351
1353
1360
1364
1366
1367
1371
1373
1374
1376
1377
1379
1380
1382
1385
1386
1387
1389
1390
1393
1394
1398
1400
1401
1402
1405
1407
1408
1412
1420
1423
1424
1426
1427
1428
1432
1436
1440
1447
1448
1449
1450
1451
1454
1459
1463
1466
1468
1469
1471
1472
1475
1477
1479
1480
1483
1486
1487
1488
1489
1490
1491
1494
1503
1504
1506
1513
1530
1532
1536
1538
1539
1541
1543
1547
1548
1551
1552
1554
1555
1560
1563
1566
1567
1568
1580
1585
1592
1593
1596
1597
1598
1599
1600
1605
1607
1608
1613
1614
1615
1618
1619
1622
1624
1631
1637
1638
1647
1648
1652
1655
1661
1662
1669
1670
1674
1677
1678
1679
1680
1683
1687
1690
1691
1695
1697
1698
1699
1702
1703
1705
1709
1710
1711
1712
1714
1715
1717
1720
1734
1735
1736
1738
1739
1741
1742
1744
1747
1750
1752
1753
1754
1755
1756
1758
1760
1766
1771
1777
1778
1779
1783
1785
1790
1807
1811
1812
1814
1817
1818
1819
1822
1825
1828
1830
1831
1833
1836
1837
1838
1839
1841
1842
1844
1847
1851
1852
1853
1855
1857
1859
1862
1866
1868
1869
1873
1875
1876
1878
1881
1882
1887
1892
1893
1894
1896
1897
1901
1908
1910
1914
1920
1928
1932
1935
1938
1939
1940
1941
1942
1943
1944
1949
1953
1954
1956
1957
1959
1960
1963
1968
1972
1973
1975
1980
1981
1984
1985
1986
1987
1989
1990
1997
1998
2000
2002
2004
2006
2007
2008
2009
2010
2012
2013
2014
2016
2018
2019
2021
2024
2025
2029
2031
2035
2036
2039
2040
2041
2045
2049
2051
2052
2058
2061
2062
2063
2069
2072
2074
2077
2081
2083
2086
2090
2092
2095
2098
2107
2108
2109
2124
2126
2127
2129
2130
2131
2132
2136
2137
2140
2147
2149
2153
2154
2158
2162
2169
2176
2177
2183
2186
2188
2191
2192
2196
2202
2206
2207
2209
2211
2213
2221
2222
2227
2230
2233
2234
2235
2236
2240
2241
2243
2246
2247
2250
2257
2260
2263
2264
2265
2266
2267
2268
2270
2272
2273
2274
2277
2278
2281
2283
2285
2288
2289
2290
2291
2294
2298
2304
2305
2308
2309
2310
2313
2314
2316
2318
2319
2322
2323
2327
2329
2330
2333
2336
2338
2342
2343
2344
2345
2348
2349
2351
2352
2353
2357
2363
2364
2366
2367
2372
2373
2376
2380
2383
2384
2385
2387
2391
2392
2394
2396
2398
2399
2401
2406
2407
2409
2412
2415
2417
2419
2420
2422
2428
2430
2431
2434
2437
2439
2441
2444
2445
2447
2449
2455
2459
2462
2464
2465
2466
2467
2468
2469
2473
2474
2478
2479
2480
2483
2484
2490
2492
2494
2496
2497
2500
2501
2502
2503
2504
2506
2507
2511
2513
2514
2518
2519
2521
2523
2527
2529
2530
2532
2534
2535
2536
2537
2544
2545
2552
2553
2555
2558
2559
2562
2563
2564
2569
2570
2571
2572
2573
2574
2576
2577
2578
2580
2583
2584
2585
2589
2591
2592
2593
2594
2596
2600
2607
2608
2610
2611
2623
2624
2627
2628
2630
2633
2634
2637
2638
2640
2643
2644
2645
2649
2650
2651
2654
2656
2658
2659
2661
2662
2664
2665
2668
2670
2671
2672
2675
2677
2678
2680
2690
2691
2692
2695
2698
2699
2702
2704
2709
2712
2713
2717
2718
2719
2733
2734
2744
2748
2749
2752
2755
2757
2759
2762
2763
2764
2767
2769
2771
2773
2775
2778
2783
2785
2786
2792
2793
2794
2795
2796
2797
2801
2802
2804
2805
2806
2807
2809
2810
2811
2812
2813
2814
2815
2816
2817
2822
2827
2831
2833
2835
2836
2840
2842
2843
2846
2847
2851
2852
2853
2854
2859
2860
2864
2866
2870
2871
2872
2875
2877
2879
2883
2884
2889
2891
2894
2895
2896
2900
2902
2906
2908
2912
2914
2916
2917
2918
2920
2921
2926
2928
2930
2933
2934
2938
2940
2951
2952
2953
2958
2965
2966
2967
2968
2970
2971
2973
2975
2977
2980
2983
2984
2989
2993
2996
2998
2999
3001
3003
3004
3005
3013
3016
3022
3025
3027
3028
3034
3039
3042
3044
3046
3052
3053
3058
3061
3062
3063
3064
3065
3067
3072
3076
3081
3083
3084
3087
3090
3094
3095
3096
3097
3100
3101
3103
3104
3109
3112
3113
3115
3116
3117
3119
3120
3125
3128
3129
3131
3135
3137
3139
3140
3142
3145
3152
3153
3156
3158
3167
3174
3175
3176
3177
3182
3183
3184
3185
3186
3188
3190
3191
3195
3196
3199
3200
3204
3206
3209
3215
3217
3220
3223
3226
3227
3228
3231
3233
3237
3238
3244
3246
3251
3253
3256
3258
3261
3265
3268
3269
3270
3273
3274
3275
3284
3286
3287
3295
3296
3297
3299
3303
3305
3306
3312
3314
3316
3317
3319
3324
3326
3329
3330
3336
3340
3341
3342
3344
3346
3350
3353
3354
3355
3357
3358
3359
3360
3365
3366
3369
3370
3371
3372
3378
3379
3380
3381
3382
3386
3394
3395
3396
3398
3399
3400
3403
3405
3411
3412
3417
3420
3422
3424
3425
3426
3427
3429
3431
3434
3435
3440
3441
3443
3445
3453
3455
3456
3457
3461
3462
3463
3465
3466
3467
3468
3470
3473
3474
3477
3479
3482
3483
3487
3488
3490
3493
3496
3497
3499
3502
3505
3506
3512
3517
3518
3521
3523
3524
3527
3534
3535
3536
3537
3540
3543
3546
3548
3550
3554
3557
3562
3564
3568
3571
3577
3579
3580
3583
3584
3586
3587
3593
3594
3597
3599
3600
3601
3603
3604
3607
3610
3612
3613
3618
3619
3621
3623
3624
3628
3629
3630
3631
3634
3635
3636
3637
3638
3639
3643
3648
3653
3655
3656
3657
3659
3660
3661
3665
3666
3667
3670
3673
3677
3680
3688
3691
3696
3697
3700
3701
3703
3709
3712
3714
3715
3717
3718
3722
3726
3728
3730
3735
3736
3737
3739
3741
3745
3746
3748
3750
3751
3754
3755
3757
3758
3761
3769
3770
3771
3773
3778
3781
3791
3792
3794
3798
3801
3802
3803
3805
3807
3808
3809
3810
3811
3813
3816
3821
3822
3824
3826
3828
3830
3833
3839
3842
3845
3848
3852
3855
3857
3859
3861
3864
3866
3867
3868
3870
3871
3872
3878
3881
3883
3884
3885
3890
3894
3897
3898
3899
3900
3906
3907
3908
3915
3916
3917
3918
3925
3930
3931
3932
3933
3934
3937
3940
3941
3946
3947
3948
3952
3954
3956
3959
3962
3964
3965
3966
3968
3971
3977
3978
3979
3981
3985
3989
3990
3993
3995
3996
3997
4004
4009
4010
4011
4012
4015
4016
4017
4021
4025
4028
4032
4033
4034
4036
4037
4040
4042
4046
4047
4048
4050
4051
4053
4057
4058
4063
4064
4065
4066
4067
4075
4076
4077
4079
4081
4082
4085
4091
4093
4095
4100
4101
4102
4104
4107
4114
4115
4121
4122
4123
4128
4129
4130
4134
4137
4138
4141
4143
4144
4145
4149
4150
4152
4156
4160
4167
4169
4171
4175
4178
4180
4181
4182
4189
4191
4192
4195
4198
4199
4201
4202
4203
4205
4210
4212
4218
4220
4221
4222
4223
4224
4231
4234
4236
4241
4243
4244
4250
4251
4252
4254
4255
4257
4260
4261
4264
4265
4266
4271
4272
4273
4274
4275
4277
4278
4279
4281
4282
4283
4289
4290
4292
4293
4294
4295
4297
4298
4303
4308
4310
4313
4316
4317
4318
4319
4321
4322
4323
4324
4331
4337
4340
4341
4342
4345
4346
4350
4356
4358
4359
4360
4361
4372
4376
4377
4385
4388
4389
4394
4399
4400
4405
4406
4408
4412
4414
4419
4424
4430
4432
4435
4438
4439
4442
4444
4456
4459
4461
4463
4467
4468
4473
4478
4480
4481
4482
4485
4488
4489
4493
4494
4497
4499
4500
4503
4504
4505
4509
4511
4514
4517
4519
4521
4526
4529
4530
4532
4533
4537
4539
4540
4541
4542
4547
4548
4554
4556
4559
4561
4563
4567
4568
4570
4571
4572
4575
4579
4580
4585
4587
4588
4589
4592
4593
4596
4597
4598
4599
4600
4601
4608
4612
4614
4615
4617
4618
4622
4628
4633
4634
4635
4636
4637
4639
4640
4642
4644
4646
4650
4651
4654
4659
4661
4663
4664
4668
4669
4672
4673
4676
4677
4679
4681
4684
4687
4688
4689
4691
4692
4695
4698
4704
4708
4709
4710
4712
4713
4716
4717
4718
4722
4724
4725
4726
4728
4733
4735
4736
4739
4740
4741
4744
4748
4749
4751
4752
4755
4756
4760
4761
4764
4765
4766
4769
4770
4777
4779
4783
4784
4788
4790
4792
4796
4798
4799
4801
4804
4805
4807
4808
4815
4816
4817
4820
4823
4825
4828
4829
4831
4832
4834
4836
4842
4847
4850
4852
4854
4856
4859
4861
4862
4864
4866
4868
4869
4872
4875
4876
4877
4880
4881
4882
4883
4886
4889
4891
4892
4893
4898
4900
4901
4903
4907
4908
4909
4916
4918
4919
4923
4926
4927
4929
4930
4932
4937
4945
4952
4954
4957
4958
4964
4965
4966
4967
4973
4974
4977
4978
4980
4981
4986
4990
4991
4992
4994
4999
5001
5002
5005
5008
5013
5016
5019
5020
5021
5022
5023
5027
5028
5029
5030
5031
5032
5034
5036
5040
5041
5046
5047
5049
5051
5059
5061
5062
5063
5065
5066
5069
5074
5076
5077
5079
5081
5085
5087
5088
5090
5091
5092
5093
5094
5095
5096
5102
5103
5107
5108
5109
5110
5111
5112
5113
5115
5118
5121
5130
5131
5133
5134
5135
5139
5140
5142
5143
5146
5155
5157
5158
5160
5164
5165
5168
5170
5171
5172
5173
5175
5180
5181
5182
5183
5184
5188
5193
5197
5199
5200
5203
5208
5209
5210
5211
5216
5217
5220
5221
5223
5225
5228
5230
5231
5232
5238
5249
5250
5255
5259
5260
5262
5263
5265
5267
5271
5272
5276
5277
5278
5289
5290
5291
5293
5294
5295
5297
5304
5305
5313
5315
5317
5318
5319
5322
5323
5325
5326
5327
5329
5332
5334
5336
5337
5339
5349
5353
5355
5357
5358
5367
5368
5370
5371
5372
5373
5376
5377
5381
5382
5383
5384
5385
5391
5393
5400
5401
5402
5403
5409
5411
5413
5414
5415
5418
5419
5420
5422
5423
5425
5427
5429
5435
5436
5438
5443
5444
5449
5451
5452
5454
5455
5456
5457
5458
5465
5470
5474
5480
5482
5483
5484
5485
5489
5490
5494
5497
5498
5500
5502
5504
5506
5509
5514
5516
5518
5520
5521
5522
5523
5525
5528
5529
5530
5537
5541
5543
5544
5547
5551
5554
5562
5563
5564
5567
5569
5577
5579
5581
5582
5587
5588
5590
5591
5592
5594
5595
5596
5598
5601
5603
5604
5605
5609
5613
5614
5617
5627
5628
5629
5630
5632
5637
5640
5642
5643
5644
5648
5649
5653
5661
5665
5674
5679
5680
5681
5684
5693
5694
5697
5699
5702
5703
5704
5705
5706
5711
5717
5719
5720
5721
5723
5725
5726
5730
5731
5732
5733
5734
5737
5739
5740
5744
5746
5748
5749
5750
5754
5758
5763
5766
5773
5779
5781
5784
5785
5786
5795
5796
5798
5799
5805
5806
5807
5808
5810
5812
5813
5815
5816
5817
5819
5825
5827
5828
5830
5834
5835
5836
5837
5839
5841
5842
5843
5844
5847
5848
5849
5851
5853
5861
5864
5871
5875
5877
5879
5883
5884
5886
5888
5890
5891
5893
5895
5896
5897
5900
5901
5903
5906
5912
5913
5916
5924
5926
5928
5929
5931
5933
5937
5939
5941
5942
5944
5947
5948
5949
5951
5953
5955
5956
5957
5958
5959
5960
5962
5966
5968
5970
5971
5976
5978
5980
5981
5992
5994
5995
5996
