1
2
4
5
7
9
10
12
14
15
17
20
22
23
24
25
32
34
35
36
37
39
42
43
44
46
47
49
50
51
54
55
56
57
58
59
60
62
63
64
65
69
70
74
76
79
80
81
82
85
89
93
94
97
102
104
105
107
109
110
111
112
113
114
117
118
119
120
121
122
124
125
127
128
129
131
133
137
139
142
146
148
149
151
153
155
157
159
161
166
169
173
178
179
185
187
189
191
192
193
197
200
202
203
205
206
207
208
209
212
215
217
219
220
222
224
225
227
228
229
230
233
234
239
240
241
243
244
248
254
258
260
261
263
267
271
272
274
279
283
287
288
289
290
291
294
296
299
300
302
304
310
312
314
315
316
318
319
321
324
325
326
331
333
336
339
341
342
343
344
346
349
353
354
356
359
363
364
365
369
373
374
375
376
377
380
381
382
383
386
387
388
391
395
396
398
399
400
404
407
414
415
416
417
418
420
423
424
427
430
431
436
438
441
444
447
449
450
451
453
455
456
460
461
463
464
466
467
468
469
471
472
474
477
478
482
486
487
488
489
490
491
495
496
497
498
499
502
503
504
511
512
515
516
517
520
521
522
523
525
526
529
535
536
537
538
539
540
541
544
545
554
555
556
559
565
566
567
568
569
570
571
572
573
574
579
586
587
588
589
590
591
592
593
594
595
596
599
600
602
603
605
606
607
608
609
610
612
615
619
620
622
623
624
625
626
630
631
632
634
636
637
638
639
648
650
654
656
658
659
661
663
664
666
668
670
671
672
673
675
676
677
678
679
680
681
683
686
687
689
690
691
693
694
697
700
702
703
708
710
712
713
714
715
716
719
720
722
723
728
729
730
734
736
738
740
742
744
745
747
748
749
750
751
754
755
756
762
763
764
765
766
768
769
771
773
774
775
776
777
778
779
780
782
786
787
790
793
798
801
802
803
805
809
810
815
819
820
823
825
826
828
829
831
834
836
838
844
847
851
853
854
855
859
862
864
865
866
867
868
869
870
871
872
873
874
875
876
877
878
879
880
881
883
885
886
887
888
890
893
895
896
897
898
899
900
902
909
911
912
913
915
920
921
922
923
925
927
930
931
933
934
936
937
939
940
941
943
945
948
949
950
951
956
957
959
960
961
962
966
972
973
977
981
987
990
991
993
994
998
1002
1003
1004
1006
1009
1010
1011
1012
1013
1015
1016
1017
1018
1021
1023
1024
1029
1030
1031
1033
1034
1037
1043
1044
1047
1052
1053
1054
1056
1057
1058
1060
1062
1063
1065
1066
1067
1068
1070
1071
1073
1074
1076
1079
1080
1082
1084
1085
1087
1093
1095
1097
1101
1102
1103
1106
1107
1108
1109
1110
1114
1116
1118
1119
1120
1121
1124
1125
1127
1128
1130
1131
1132
1134
1135
1138
1141
1142
1145
1148
1151
1152
1153
1154
1157
1158
1162
1163
1166
1167
1169
1171
1172
1174
1179
1181
1182
1183
1184
1185
1188
1191
1194
1203
1206
1209
1210
1212
1213
1214
1215
1219
1220
1221
1227
1229
1230
1231
1234
1236
1238
1241
1243
1244
1246
1248
1257
1259
1260
1262
1264
1266
1267
1268
1271
1273
1276
1280
1282
1283
1285
1288
1289
1290
1293
1297
1298
1300
1301
1304
1305
1306
1307
1311
1312
1313
1316
1319
1320
1322
1323
1325
1326
1330
1331
1332
1333
1334
1335
1337
1338
1342
1344
1347
1350
1351
1352
1354
1355
1359
1363
1373
1374
1376
1378
1379
1380
1384
1385
1386
1387
1388
1389
1390
1393
1394
1397
1398
1400
1404
1406
1407
1408
1410
1412
1417
1421
1422
1423
1424
1426
1431
1432
1433
1436
1437
1440
1442
1444
1445
1449
1451
1452
1453
1455
1458
1460
1461
1462
1466
1467
1468
1470
1471
1484
1488
1489
1491
1492
1493
1494
1499
1500
1501
1502
1507
1508
1509
1510
1512
1513
1514
1516
1518
1519
1520
1521
1526
1528
1529
1530
1531
1533
1535
1537
1540
1541
1543
1544
1547
1551
1552
1553
1555
1561
1563
1565
1566
1569
1571
1572
1574
1575
1579
1583
1585
1587
1588
1590
1593
1594
1595
1599
1600
1603
1604
1605
1606
1607
1610
1611
1612
1617
1620
1626
1628
1631
1633
1634
1637
1639
1640
1641
1642
1644
1647
1649
1651
1652
1656
1659
1660
1661
1662
1664
1665
1668
1671
1672
1677
1680
1681
1682
1683
1685
1686
1687
1688
1689
1690
1692
1693
1698
1701
1702
1704
1705
1706
1708
1709
1711
1714
1715
1719
1720
1723
1724
1725
1731
1732
1734
1735
1736
1737
1739
1741
1745
1747
1748
1749
1750
1754
1755
1756
1757
1758
1759
1761
1763
1766
1769
1770
1771
1774
1775
1776
1781
1782
1784
1785
1786
1788
1789
1790
1795
1802
1805
1808
1809
1810
1811
1812
1813
1816
1819
1821
1826
1830
1834
1838
1839
1843
1846
1847
1848
1849
1850
1853
1856
1862
1867
1869
1870
1871
1874
1875
1876
1877
1878
1883
1885
1886
1887
1888
1890
1891
1892
1894
1895
1896
1897
1903
1904
1905
1906
1907
1908
1909
1913
1914
1918
1919
1923
1924
1926
1928
1934
1935
1938
1939
1940
1944
1945
1946
1947
1948
1949
1950
1951
1953
1955
1958
1961
1963
1964
1969
1971
1973
1974
1975
1979
1982
1983
1986
1987
1988
1990
1992
1993
1994
1996
1997
1998
1999
2001
2004
2005
2007
2008
2010
2012
2013
2014
2015
2016
2017
2018
2019
2022
2024
2028
2030
2036
2038
2040
2041
2042
2043
2044
2047
2050
2052
2053
2054
2056
2059
2060
2065
2066
2069
2072
2074
2075
2076
2077
2078
2079
2080
2082
2083
2085
2089
2090
2092
2094
2095
2096
2097
2102
2103
2104
2109
2110
2111
2114
2115
2118
2121
2126
2127
2128
2132
2140
2141
2142
2145
2148
2151
2152
2153
2154
2155
2156
2157
2158
2160
2163
2165
2167
2168
2169
2170
2171
2173
2175
2176
2177
2178
2179
2183
2186
2189
2190
2192
2193
2194
2198
2199
2202
2203
2205
2207
2208
2209
2212
2213
2215
2218
2219
2222
2227
2228
2229
2230
2239
2240
2241
2242
2243
2244
2248
2249
2251
2252
2253
2255
2256
2257
2259
2260
2261
2262
2270
2272
2274
2276
2277
2279
2280
2281
2282
2283
2284
2288
2292
2293
2295
2298
2299
2302
2303
2304
2305
2306
2307
2311
2319
2320
2321
2322
2323
2326
2329
2330
2332
2333
2334
2335
2336
2337
2341
2342
2349
2350
2351
2352
2353
2355
2358
2361
2362
2364
2366
2369
2371
2372
2375
2376
2377
2378
2380
2383
2392
2393
2396
2397
2398
2399
2400
2401
2402
2403
2404
2406
2407
2408
2410
2411
2412
2413
2415
2416
2417
2418
2422
2423
2427
2428
2429
2430
2433
2436
2437
2438
2439
2441
2442
2444
2445
2448
2449
2452
2456
2457
2459
2460
2461
2462
2464
2466
2469
2473
2476
2477
2478
2479
2480
2482
2483
2484
2487
2488
2489
2490
2491
2492
2493
2494
2496
2497
2499
2501
2503
2504
2505
2509
2511
2513
2514
2518
2519
2521
2522
2523
2524
2525
2527
2528
2531
2533
2537
2538
2541
2544
2545
2548
2549
2551
2552
2553
2554
2555
2557
2558
2559
2561
2562
2564
2568
2570
2572
2573
2575
2578
2579
2582
2583
2585
2587
2590
2594
2598
2601
2603
2604
2606
2608
2610
2611
2613
2615
2616
2619
2624
2637
2639
2642
2644
2645
2650
2653
2654
2656
2657
2660
2662
2663
2664
2665
2667
2668
2669
2671
2675
2676
2678
2679
2680
2683
2688
2691
2693
2694
2697
2699
2705
2706
2707
2712
2713
2714
2715
2716
2719
2720
2724
2725
2726
2728
2729
2731
2734
2738
2740
2742
2743
2745
2746
2747
2748
2750
2752
2756
2759
2760
2761
2766
2768
2769
2770
2771
2772
2773
2775
2778
2781
2784
2785
2787
2788
2790
2792
2795
2796
2798
2799
2800
2801
2809
2810
2811
2815
2816
2817
2819
2820
2821
2823
2824
2826
2828
2829
2830
2831
2832
2835
2838
2842
2843
2845
2847
2850
2852
2854
2855
2859
2860
2861
2862
2866
2867
2870
2871
2873
2875
2878
2882
2883
2884
2885
2887
2888
2890
2891
2893
2894
2896
2897
2900
2902
2904
2906
2907
2908
2911
2912
2913
2914
2915
2919
2920
2921
2922
2923
2924
2927
2935
2936
2940
2943
2944
2945
2946
2948
2949
2950
2951
2955
2957
2961
2962
2963
2964
2966
2967
2970
2971
2973
2975
2977
2980
2981
2982
2983
2984
2991
2993
2995
2996
2997
2998
2999
3003
3004
3005
3010
3013
3014
3015
3020
3021
3022
3024
3026
3027
3030
3033
3034
3037
3039
3040
3041
3048
3052
3053
3056
3059
3060
3061
3062
3063
3064
3066
3067
3070
3071
3073
3074
3077
3079
3080
3081
3082
3087
3088
3089
3091
3094
3095
3096
3098
3100
3102
3105
3108
3109
3110
3111
3113
3116
3117
3118
3124
3125
3126
3131
3133
3134
3135
3138
3139
3142
3143
3144
3149
3151
3154
3156
3157
3161
3162
3164
3165
3166
3167
3169
3171
3174
3175
3177
3178
3180
3181
3183
3187
3190
3194
3195
3198
3199
3200
3201
3203
3204
3205
3206
3209
3210
3211
3213
3214
3217
3219
3221
3223
3225
3229
3232
3233
3236
3238
3239
3241
3242
3243
3248
3249
3250
3251
3255
3256
3257
3258
3262
3263
3266
3268
3270
3272
3274
3278
3280
3282
3283
3284
3288
3289
3292
3294
3295
3297
3299
3301
3310
3311
3312
3313
3314
3316
3317
3318
3319
3322
3323
3324
3326
3327
3329
3337
3338
3339
3340
3342
3343
3344
3345
3346
3347
3349
3352
3355
3359
3360
3361
3362
3363
3364
3365
3366
3369
3372
3375
3376
3377
3379
3381
3385
3386
3387
3388
3394
3397
3398
3400
3401
3402
3407
3408
3409
3413
3416
3422
3423
3424
3426
3431
3433
3434
3436
3437
3439
3440
3443
3444
3446
3449
3450
3451
3452
3453
3454
3455
3456
3457
3459
3460
3462
3463
3464
3465
3467
3468
3471
3473
3474
3478
3479
3485
3486
3492
3494
3495
3496
3497
3498
3501
3502
3504
3508
3510
3512
3513
3518
3524
3525
3526
3527
3530
3531
3533
3535
3539
3542
3548
3549
3551
3553
3557
3558
3559
3561
3563
3564
3567
3568
3571
3572
3576
3577
3578
3579
3582
3583
3584
3588
3589
3590
3593
3594
3595
3597
3598
3601
3602
3604
3606
3609
3611
3612
3613
3615
3616
3618
3636
3637
3639
3640
3642
3644
3647
3648
3649
3650
3652
3656
3659
3660
3661
3667
3668
3669
3671
3673
3681
3685
3686
3687
3688
3689
3691
3693
3695
3696
3698
3699
3700
3701
3702
3705
3706
3707
3708
3709
3710
3711
3712
3715
3716
3719
3721
3724
3725
3727
3730
3731
3732
3733
3737
3739
3740
3742
3743
3744
3746
3747
3749
3760
3761
3762
3763
3764
3765
3766
3767
3769
3771
3774
3778
3780
3781
3785
3786
3787
3789
3790
3791
3793
3795
3797
3802
3804
3806
3807
3808
3811
3815
3816
3819
3820
3822
3823
3825
3827
3829
3836
3837
3838
3839
3840
3841
3845
3846
3847
3850
3858
3862
3865
3866
3869
3872
3873
3874
3876
3877
3879
3880
3883
3886
3887
3888
3889
3891
3892
3893
3894
3896
3900
3906
3907
3909
3911
3912
3913
3915
3918
3922
3925
3926
3927
3929
3930
3931
3932
3933
3934
3936
3942
3946
3947
3950
3952
3953
3956
3957
3958
3959
3960
3962
3963
3965
3966
3967
3969
3971
3972
3973
3975
3977
3978
3980
3981
3984
3988
3989
3990
3992
3993
3995
4003
4007
4008
4009
4010
4012
4014
4016
4017
4018
4019
4021
4024
4030
4033
4034
4037
4038
4041
4043
4044
4045
4049
4050
4052
4053
4054
4055
4057
4058
4059
4061
4065
4066
4068
4069
4073
4074
4075
4079
4080
4081
4083
4085
4088
4096
4097
4098
4099
4100
4104
4105
4107
4109
4114
4115
4116
4117
4118
4120
4121
4123
4124
4128
4129
4131
4132
4133
4134
4135
4137
4138
4139
4141
4142
4143
4144
4145
4150
4152
4156
4163
4165
4166
4169
4170
4174
4175
4176
4178
4180
4181
4185
4186
4188
4189
4192
4193
4194
4195
4196
4198
4199
4201
4202
4203
4208
4209
4212
4214
4217
4222
4225
4230
4231
4232
4234
4235
4236
4239
4240
4241
4248
4249
4251
4258
4264
4267
4269
4270
4271
4273
4274
4277
4278
4285
4286
4287
4291
4292
4293
4296
4297
4298
4299
4303
4304
4305
4307
4309
4311
4312
4316
4317
4318
4319
4322
4323
4324
4326
4328
4330
4332
4333
4335
4336
4337
4338
4339
4343
4344
4346
4347
4349
4351
4352
4357
4359
4361
4362
4364
4365
4370
4374
4376
4378
4380
4382
4384
4385
4387
4388
4389
4391
4392
4393
4394
4398
4401
4402
4404
4407
4410
4411
4412
4415
4416
4419
4421
4424
4426
4428
4430
4434
4441
4443
4448
4449
4450
4452
4453
4460
4462
4463
4464
4467
4468
4469
4470
4473
4474
4475
4476
4480
4482
4483
4484
4491
4494
4499
4502
4503
4505
4506
4508
4512
4514
4516
4517
4519
4520
4523
4526
4530
4531
4534
4536
4540
4542
4543
4545
4546
4547
4548
4556
4559
4560
4561
4562
4563
4565
4566
4567
4568
4569
4570
4573
4574
4577
4578
4579
4580
4581
4582
4585
4588
4591
4592
4597
4599
4603
4605
4608
4610
4614
4622
4624
4625
4628
4630
4631
4632
4634
4635
4637
4640
4644
4645
4647
4649
4651
4652
4657
4659
4661
4662
4663
4664
4667
4669
4670
4672
4673
4674
4676
4677
4679
4682
4688
4691
4692
4693
4694
4695
4697
4702
4703
4704
4705
4710
4714
4716
4717
4720
4722
4723
4727
4729
4730
4732
4735
4736
4737
4739
4743
4747
4748
4752
4753
4755
4756
4757
4763
4764
4765
4770
4773
4774
4777
4781
4782
4786
4788
4789
4793
4794
4795
4796
4799
4800
4802
4807
4808
4810
4813
4814
4815
4817
4818
4821
4822
4825
4829
4830
4832
4833
4837
4838
4839
4842
4844
4845
4846
4848
4850
4852
4853
4855
4856
4858
4862
4863
4864
4866
4868
4870
4871
4874
4875
4878
4881
4884
4885
4886
4887
4888
4889
4890
4892
4896
4897
4902
4905
4906
4909
4912
4915
4916
4921
4922
4923
4924
4925
4927
4929
4931
4932
4940
4941
4944
4951
4954
4955
4956
4957
4960
4963
4964
4966
4967
4969
4970
4971
4972
4973
4974
4975
4978
4979
4980
4982
4985
4989
4992
4995
4997
5000
5001
5003
5004
5005
5006
5009
5010
5011
5018
5020
5023
5025
5031
5032
5033
5036
5040
5041
5045
5048
5049
5052
5053
5054
5055
5057
5059
5062
5064
5065
5067
5069
5071
5081
5082
5083
5084
5085
5090
5091
5092
5094
5096
5097
5098
5100
5102
5103
5105
5107
5111
5113
5115
5118
5120
5121
5124
5125
5127
5129
5131
5132
5134
5135
5139
5142
5144
5146
5149
5152
5153
5155
5156
5159
5162
5164
5166
5168
5169
5171
5172
5174
5176
5177
5180
5181
5182
5183
5184
5189
5192
5193
5194
5196
5198
5200
5201
5202
5203
5205
5208
5214
5216
5217
5218
5221
5222
5224
5225
5226
5227
5228
5229
5231
5232
5237
5248
5251
5252
5254
5255
5256
5257
5258
5259
5260
5261
5262
5266
5267
5268
5269
5271
5272
5274
5279
5280
5281
5283
5284
5286
5287
5288
5289
5291
5294
5296
5298
5299
5300
5301
5302
5303
5307
5310
5316
5319
5321
5322
5323
5325
5326
5327
5332
5333
5337
5338
5339
5341
5342
5343
5347
5348
5349
5350
5352
5354
5355
5357
5360
5361
5363
5364
5365
5366
5367
5371
5373
5375
5378
5380
5384
5385
5387
5389
5391
5392
5394
5397
5398
5400
5402
5404
5406
5407
5409
5411
5412
5416
5417
5420
5421
5422
5423
5425
5426
5429
5431
5432
5433
5438
5439
5440
5441
5442
5444
5445
5446
5450
5452
5455
5456
5457
5459
5461
5464
5467
5470
5471
5472
5474
5475
5480
5481
5484
5486
5487
5491
5493
5494
5495
5501
5502
5504
5505
5509
5511
5513
5514
5515
5516
5517
5518
5519
5520
5521
5522
5524
5525
5527
5529
5531
5534
5535
5538
5541
5542
5543
5544
5546
5547
5550
5553
5558
5560
5562
5563
5565
5566
5569
5574
5575
5578
5580
5581
5583
5584
5587
5589
5593
5596
5597
5598
5601
5604
5605
5607
5610
5611
5612
5613
5615
5616
5618
5619
5620
5624
5625
5629
5630
5634
5635
5638
5641
5642
5643
5644
5646
5648
5649
5651
5652
5653
5655
5657
5658
5661
5662
5663
5666
5668
5677
5679
5681
5682
5684
5686
5687
5688
5689
5692
5694
5699
5701
5703
5709
5717
5718
5722
5723
5726
5729
5731
5733
5735
5736
5737
5738
5741
5742
5747
5748
5749
5750
5757
5759
5764
5765
5766
5769
5773
5774
5777
5785
5786
5788
5789
5793
5794
5800
5802
5804
5805
5806
5807
5808
5811
5812
5813
5814
5815
5817
5819
5822
5823
5824
5826
5829
5830
5831
5832
5834
5836
5839
5840
5841
5842
5844
5845
5849
5850
5851
5856
5859
5861
5863
5864
5865
5866
5869
5870
5872
5873
5874
5875
5877
5878
5879
5880
5883
5885
5886
5889
5890
5891
5894
5895
5896
5898
5899
5900
5901
5903
5906
5907
5910
5912
5914
5917
5919
5920
5921
5922
5923
5924
5925
5928
5929
5931
5934
5936
5938
5941
5943
5944
5945
5946
5947
5948
5951
5953
5955
5956
5959
5960
5964
5965
5966
5967
5968
5969
5970
5972
5977
5980
5982
5984
5985
5987
5990
5992
5994
5995
5998
5999
